source,event,phase,timestamp_us,replica_pid,peer_pid,gc_marker,sent_us,received_us,start_us,end_us,insert_count,delete_count,detail,client_id,operation,value,status_code,latency_us
server,replica_init,start,1788427138553340,178842683956183202,,,,,,,,,,,,,,
server,persistent_state_fetch,completed,1788427138841681,178842683956183202,,,,,1788427138553378,1788427138841681,,,restored_existing_snapshot,,,,,288303
server,membership_descriptor_write,completed,1788427138665207,178842683956183202,,,,,1788427138553595,1788427138665207,,,"178842683956183202,52.59.198.67:19082,0",,,,,111612
server,membership_directory_read,completed,1788427138707404,178842683956183202,,,,,1788427138665211,1788427138707404,,,init:40 descriptors,,,,,42193
server,replica_init,completed,1788427138924883,178842683956183202,,,,,,,,,,,,,,
server,peer_replication_connection,established,1788427138933477,178842683956183202,178842684286996601,,,,,,,,,,,,,
server,peer_replication_connection,established,1788427138933505,178842683956183202,178842684114092201,,,,,,,,,,,,,
server,peer_replication_connection,established,1788427138933512,178842683956183202,178842683849157801,,,,,,,,,,,,,
server,peer_replication_connection,established,1788427138933519,178842683956183202,178842684426434101,,,,,,,,,,,,,
server,peer_replication_connection,established,1788427138933526,178842683956183202,178842683849158801,,,,,,,,,,,,,
server,peer_replication_connection,established,1788427138933532,178842683956183202,178842684426435101,,,,,,,,,,,,,
server,peer_replication_pull_request,sent,1788427138934110,178842683956183202,,,,,,,,,connected_peers=6,,,,,
server,peer_replication_connection,established,1788427138934509,178842683956183202,178842683956182202,,,,,,,,,,,,,
server,peer_replication_connection,established,1788427138934566,178842683956183202,178842683956181201,,,,,,,,,,,,,
server,peer_replication_connection,established,1788427138950162,178842683956183202,178842684426436101,,,,,,,,,,,,,
server,peer_replication_connection,established,1788427138950192,178842683956183202,178842684426432101,,,,,,,,,,,,,
server,peer_replication_connection,established,1788427138950209,178842683956183202,178842684426433101,,,,,,,,,,,,,
server,peer_replication_connection,established,1788427138957287,178842683956183202,178842684286993601,,,,,,,,,,,,,
server,peer_replication_connection,established,1788427138958928,178842683956183202,178842684286995601,,,,,,,,,,,,,
server,peer_replication_connection,established,1788427138958944,178842683956183202,178842684286997601,,,,,,,,,,,,,
server,peer_replication_connection,established,1788427138959125,178842683956183202,178842684286994601,,,,,,,,,,,,,
server,peer_replication_connection,established,1788427138973548,178842683956183202,178842684114093201,,,,,,,,,,,,,
server,peer_replication_connection,established,1788427138973994,178842683956183202,178842684114094201,,,,,,,,,,,,,
server,peer_replication_connection,established,1788427138974010,178842683956183202,178842684114090201,,,,,,,,,,,,,
server,peer_replication_connection,established,1788427138974065,178842683956183202,178842684114091201,,,,,,,,,,,,,
server,peer_replication_merge_delta,completed,1788427138990688,178842683956183202,,4,,1788427138974834,1788427138990564,1788427138990688,,,"delta_len=192,sent_us=1788427138961487",,,,,124
server,peer_replication_connection,established,1788427138990744,178842683956183202,178842683849154802,,,,,,,,,,,,,
server,peer_replication_connection,established,1788427138990752,178842683956183202,178842683849155802,,,,,,,,,,,,,
server,peer_replication_connection,established,1788427138990758,178842683956183202,178842683849156802,,,,,,,,,,,,,
server,client_mutation,completed,1788427139036725,178842683956183202,,,,1788427139034246,1788427139034246,1788427139036725,,,http_data_plane,,,,,2479
server,client_mutation,completed,1788427139336488,178842683956183202,,,,1788427139334132,1788427139334132,1788427139336488,,,http_data_plane,,,,,2356
server,peer_replication_connection,established,1788427139385165,178842683956183202,178842683956184202,,,,,,,,,,,,,
server,peer_replication_connection,established,1788427139677435,178842683956183202,178842683956185201,,,,,,,,,,,,,
server,client_mutation,completed,1788427139836337,178842683956183202,,,,1788427139833873,1788427139833873,1788427139836337,,,http_data_plane,,,,,2464
server,peer_replication_pull_request,sent,1788427139933845,178842683956183202,,,,,,,,,connected_peers=24,,,,,
server,peer_replication_get_delta,completed,1788427139941502,178842683956183202,178842684114092201,4,,1788427139941433,1788427139941437,1788427139941502,,,"delta_len=167,sent_us=1788427139911311",,,,,65
server,peer_replication_merge_delta,refused_stale_gc,1788427140037791,178842683956183202,,2,1788427140004913,1788427140037790,,,,,"remote_gc_counter=2,current_gc_counter=4,delta_len=5",,,,,1
server,client_mutation,completed,1788427140336211,178842683956183202,,,,1788427140333915,1788427140333915,1788427140336211,,,http_data_plane,,,,,2296
server,client_mutation,completed,1788427140836568,178842683956183202,,,,1788427140834173,1788427140834173,1788427140836568,,,http_data_plane,,,,,2395
server,peer_replication_pull_request,sent,1788427140934647,178842683956183202,,,,,,,,,connected_peers=24,,,,,
server,peer_replication_merge_delta,completed,1788427141003351,178842683956183202,,4,,1788427140997490,1788427141003308,1788427141003351,,,"delta_len=53,sent_us=1788427140993101",,,,,43
server,peer_replication_get_delta,completed,1788427141282679,178842683956183202,178842683956181201,4,,1788427141282618,1788427141282622,1788427141282679,,,"delta_len=91,sent_us=1788427141282096",,,,,57
server,client_mutation,completed,1788427141336076,178842683956183202,,,,1788427141333846,1788427141333846,1788427141336076,,,http_data_plane,,,,,2230
server,peer_replication_get_delta,completed,1788427141737555,178842683956183202,178842684286995601,4,,1788427141737503,1788427141737506,1788427141737555,,,"delta_len=55,sent_us=1788427141718951",,,,,49
server,peer_replication_get_delta,completed,1788427141817257,178842683956183202,178842684426434101,4,,1788427141817201,1788427141817205,1788427141817257,,,"delta_len=55,sent_us=1788427141804799",,,,,52
server,client_mutation,completed,1788427141836257,178842683956183202,,,,1788427141833894,1788427141833894,1788427141836257,,,http_data_plane,,,,,2363
server,peer_replication_pull_request,sent,1788427141934675,178842683956183202,,,,,,,,,connected_peers=24,,,,,
server,peer_replication_get_delta,completed,1788427141982498,178842683956183202,178842684114092201,4,,1788427141982444,1788427141982449,1788427141982498,,,"delta_len=53,sent_us=1788427141910999",,,,,49
server,peer_replication_merge_delta,completed,1788427142048591,178842683956183202,,4,,1788427142045552,1788427142048577,1788427142048591,,,"delta_len=9,sent_us=1788427142015223",,,,,14
server,client_mutation,completed,1788427142336176,178842683956183202,,,,1788427142333883,1788427142333883,1788427142336176,,,http_data_plane,,,,,2293
server,peer_replication_get_delta,completed,1788427142784839,178842683956183202,178842684286995601,4,,1788427142784786,1788427142784790,1788427142784839,,,"delta_len=11,sent_us=1788427142718264",,,,,49
server,client_mutation,completed,1788427142835970,178842683956183202,,,,1788427142833898,1788427142833898,1788427142835970,,,http_data_plane,,,,,2072
server,peer_replication_pull_request,sent,1788427142934728,178842683956183202,,,,,,,,,connected_peers=24,,,,,
server,peer_replication_merge_delta,completed,1788427143024210,178842683956183202,,4,,1788427143019542,1788427143024170,1788427143024210,,,"delta_len=34,sent_us=1788427143001473",,,,,40
server,client_mutation,completed,1788427143336131,178842683956183202,,,,1788427143333857,1788427143333857,1788427143336131,,,http_data_plane,,,,,2274
server,peer_replication_get_delta,completed,1788427143523412,178842683956183202,178842684426433101,4,,1788427143523319,1788427143523324,1788427143523412,,,"delta_len=63,sent_us=1788427143510888",,,,,88
server,membership_directory_read,completed,1788427143598472,178842683956183202,,,,,1788427143554907,1788427143598472,,,poll:42 descriptors,,,,,43565
server,client_mutation,completed,1788427143836171,178842683956183202,,,,1788427143833919,1788427143833919,1788427143836171,,,http_data_plane,,,,,2252
server,peer_replication_pull_request,sent,1788427143934112,178842683956183202,,,,,,,,,connected_peers=24,,,,,
server,peer_replication_merge_delta,completed,1788427144018738,178842683956183202,,4,,1788427144006604,1788427144018635,1788427144018738,,,"delta_len=162,sent_us=1788427143970086",,,,,103
server,peer_replication_get_delta,completed,1788427144209904,178842683956183202,178842684114093201,4,,1788427144209843,1788427144209848,1788427144209904,,,"delta_len=86,sent_us=1788427144179943",,,,,56
server,client_mutation,completed,1788427144336008,178842683956183202,,,,1788427144333911,1788427144333911,1788427144336008,,,http_data_plane,,,,,2097
server,client_mutation,completed,1788427144836035,178842683956183202,,,,1788427144833870,1788427144833870,1788427144836035,,,http_data_plane,,,,,2165
server,peer_replication_pull_request,sent,1788427144933882,178842683956183202,,,,,,,,,connected_peers=24,,,,,
server,peer_replication_merge_delta,completed,1788427144938116,178842683956183202,,4,,1788427144934911,1788427144938101,1788427144938116,,,"delta_len=15,sent_us=1788427144934465",,,,,15
server,client_mutation,completed,1788427145336154,178842683956183202,,,,1788427145333892,1788427145333892,1788427145336154,,,http_data_plane,,,,,2262
server,client_mutation,completed,1788427145836083,178842683956183202,,,,1788427145833950,1788427145833950,1788427145836083,,,http_data_plane,,,,,2133
server,peer_replication_pull_request,sent,1788427145933876,178842683956183202,,,,,,,,,connected_peers=24,,,,,
server,peer_replication_get_delta,completed,1788427145982763,178842683956183202,178842684114092201,4,,1788427145982709,1788427145982715,1788427145982763,,,"delta_len=19,sent_us=1788427145911528",,,,,48
server,peer_replication_merge_delta,completed,1788427146006227,178842683956183202,,4,,1788427145997603,1788427146006165,1788427146006227,,,"delta_len=78,sent_us=1788427145993081",,,,,62
server,client_mutation,completed,1788427146336140,178842683956183202,,,,1788427146333925,1788427146333925,1788427146336140,,,http_data_plane,,,,,2215
server,peer_replication_get_delta,completed,1788427146402553,178842683956183202,178842683849155802,4,,1788427146402485,1788427146402491,1788427146402553,,,"delta_len=43,sent_us=1788427146366841",,,,,62
server,peer_replication_get_delta,completed,1788427146432815,178842683956183202,178842683956184202,4,,1788427146432758,1788427146432762,1788427146432815,,,"delta_len=38,sent_us=1788427146385346",,,,,53
server,client_mutation,completed,1788427146836167,178842683956183202,,,,1788427146833895,1788427146833895,1788427146836167,,,http_data_plane,,,,,2272
server,peer_replication_pull_request,sent,1788427146934120,178842683956183202,,,,,,,,,connected_peers=24,,,,,
server,peer_replication_merge_delta,completed,1788427146976244,178842683956183202,,4,,1788427146972158,1788427146976225,1788427146976244,,,"delta_len=22,sent_us=1788427146953303",,,,,19
server,client_mutation,completed,1788427147342884,178842683956183202,,,,1788427147339041,1788427147339041,1788427147342884,,,http_data_plane,,,,,3843
server,peer_replication_get_delta,completed,1788427147678904,178842683956183202,178842683956185201,4,,1788427147678793,1788427147678796,1788427147678904,,,"delta_len=562,sent_us=1788427147678080",,,,,108
server,peer_replication_get_delta,completed,1788427147794883,178842683956183202,178842684286995601,4,,1788427147794830,1788427147794834,1788427147794883,,,"delta_len=56,sent_us=1788427147718189",,,,,49
server,client_mutation,completed,1788427147836786,178842683956183202,,,,1788427147834327,1788427147834327,1788427147836786,,,http_data_plane,,,,,2459
server,peer_replication_pull_request,sent,1788427147934543,178842683956183202,,,,,,,,,connected_peers=24,,,,,
server,peer_replication_merge_delta,completed,1788427148021220,178842683956183202,,4,,1788427148015582,1788427148021173,1788427148021220,,,"delta_len=43,sent_us=1788427148005179",,,,,47
server,client_mutation,completed,1788427148337280,178842683956183202,,,,1788427148334650,1788427148334650,1788427148337280,,,http_data_plane,,,,,2630
server,membership_directory_read,completed,1788427148596044,178842683956183202,,,,,1788427148554219,1788427148596044,,,poll:42 descriptors,,,,,41825
server,client_mutation,completed,1788427148836312,178842683956183202,,,,1788427148834051,1788427148834051,1788427148836312,,,http_data_plane,,,,,2261
server,peer_replication_pull_request,sent,1788427148934492,178842683956183202,,,,,,,,,connected_peers=24,,,,,
server,peer_replication_merge_delta,completed,1788427149045281,178842683956183202,,4,,1788427149035053,1788427149045182,1788427149045281,,,"delta_len=106,sent_us=1788427149005067",,,,,99
server,peer_replication_get_delta,completed,1788427149335453,178842683956183202,178842684426436101,4,,1788427149335392,1788427149335397,1788427149335453,,,"delta_len=82,sent_us=1788427149323069",,,,,56
server,client_mutation,completed,1788427149336509,178842683956183202,,,,1788427149334135,1788427149334135,1788427149336509,,,http_data_plane,,,,,2374
server,peer_replication_get_delta,completed,1788427149467887,178842683956183202,178842683956182202,4,,1788427149467826,1788427149467831,1788427149467887,,,"delta_len=85,sent_us=1788427149467008",,,,,56
server,client_mutation,completed,1788427149836235,178842683956183202,,,,1788427149833988,1788427149833988,1788427149836235,,,http_data_plane,,,,,2247
server,peer_replication_pull_request,sent,1788427149933956,178842683956183202,,,,,,,,,connected_peers=24,,,,,
server,peer_replication_merge_delta,completed,1788427149938138,178842683956183202,,4,,1788427149934838,1788427149938124,1788427149938138,,,"delta_len=18,sent_us=1788427149934399",,,,,14
server,peer_replication_get_delta,completed,1788427150267490,178842683956183202,178842684286993601,4,,1788427150267430,1788427150267435,1788427150267490,,,"delta_len=75,sent_us=1788427150249942",,,,,55
server,client_mutation,completed,1788427150336297,178842683956183202,,,,1788427150334133,1788427150334133,1788427150336297,,,http_data_plane,,,,,2164
server,peer_replication_get_delta,completed,1788427150380589,178842683956183202,178842684426436101,4,,1788427150380535,1788427150380540,1788427150380589,,,"delta_len=21,sent_us=1788427150322989",,,,,49
server,peer_replication_get_delta,completed,1788427150774274,178842683956183202,178842683849157801,4,,1788427150774199,1788427150774212,1788427150774274,,,"delta_len=100,sent_us=1788427150735795",,,,,62
server,client_mutation,completed,1788427150836496,178842683956183202,,,,1788427150834103,1788427150834103,1788427150836496,,,http_data_plane,,,,,2393
server,peer_replication_get_delta,completed,1788427150860518,178842683956183202,178842684426434101,4,,1788427150860464,1788427150860468,1788427150860518,,,"delta_len=36,sent_us=1788427150804829",,,,,50
server,peer_replication_pull_request,sent,1788427150933933,178842683956183202,,,,,,,,,connected_peers=24,,,,,
server,peer_replication_merge_delta,completed,1788427151010072,178842683956183202,,4,,1788427151005519,1788427151010047,1788427151010072,,,"delta_len=31,sent_us=1788427150993102",,,,,25
server,client_mutation,completed,1788427151336789,178842683956183202,,,,1788427151334542,1788427151334542,1788427151336789,,,http_data_plane,,,,,2247
server,client_mutation,completed,1788427151835986,178842683956183202,,,,1788427151833852,1788427151833852,1788427151835986,,,http_data_plane,,,,,2134
server,peer_replication_pull_request,sent,1788427151934644,178842683956183202,,,,,,,,,connected_peers=24,,,,,
server,peer_replication_merge_delta,completed,1788427152004166,178842683956183202,,4,,1788427151997522,1788427152004098,1788427152004166,,,"delta_len=67,sent_us=1788427151993145",,,,,68
server,client_mutation,completed,1788427152336159,178842683956183202,,,,1788427152334026,1788427152334027,1788427152336159,,,http_data_plane,,,,,2132
server,client_mutation,completed,1788427152836048,178842683956183202,,,,1788427152833872,1788427152833873,1788427152836048,,,http_data_plane,,,,,2175
server,peer_replication_pull_request,sent,1788427152933922,178842683956183202,,,,,,,,,connected_peers=24,,,,,
server,peer_replication_merge_delta,completed,1788427152997119,178842683956183202,,4,,1788427152993243,1788427152997101,1788427152997119,,,"delta_len=21,sent_us=1788427152992852",,,,,18
server,client_mutation,completed,1788427153336003,178842683956183202,,,,1788427153333857,1788427153333857,1788427153336003,,,http_data_plane,,,,,2146
server,peer_replication_get_delta,completed,1788427153433491,178842683956183202,178842683956184202,4,,1788427153432783,1788427153432788,1788427153433491,,,"delta_len=33,sent_us=1788427153386121",,,,,703
server,membership_directory_read,completed,1788427153595511,178842683956183202,,,,,1788427153553949,1788427153595511,,,poll:42 descriptors,,,,,41562
server,peer_replication_get_delta,completed,1788427153691960,178842683956183202,178842684114091201,4,,1788427153691873,1788427153691878,1788427153691960,,,"delta_len=306,sent_us=1788427153661312",,,,,82
server,client_mutation,completed,1788427153836116,178842683956183202,,,,1788427153833914,1788427153833914,1788427153836116,,,http_data_plane,,,,,2202
server,peer_replication_get_delta,completed,1788427153880420,178842683956183202,178842683849158801,4,,1788427153880353,1788427153880359,1788427153880420,,,"delta_len=46,sent_us=1788427153844642",,,,,61
server,peer_replication_pull_request,sent,1788427153934606,178842683956183202,,,,,,,,,connected_peers=24,,,,,
server,peer_replication_merge_delta,completed,1788427154006350,178842683956183202,,4,,1788427153997521,1788427154006286,1788427154006350,,,"delta_len=84,sent_us=1788427153993103",,,,,64
server,peer_replication_get_delta,completed,1788427154209272,178842683956183202,178842683849154802,4,,1788427154209213,1788427154209218,1788427154209272,,,"delta_len=59,sent_us=1788427154173334",,,,,54
server,client_mutation,completed,1788427154335951,178842683956183202,,,,1788427154333843,1788427154333843,1788427154335951,,,http_data_plane,,,,,2108
server,peer_replication_get_delta,completed,1788427154816412,178842683956183202,178842683849157801,4,,1788427154816352,1788427154816356,1788427154816412,,,"delta_len=66,sent_us=1788427154735705",,,,,56
server,client_mutation,completed,1788427154836058,178842683956183202,,,,1788427154833862,1788427154833862,1788427154836058,,,http_data_plane,,,,,2196
server,peer_replication_pull_request,sent,1788427154933976,178842683956183202,,,,,,,,,connected_peers=24,,,,,
server,peer_replication_merge_delta,completed,1788427155046019,178842683956183202,,4,,1788427155042174,1788427155045989,1788427155046019,,,"delta_len=19,sent_us=1788427154963440",,,,,30
server,client_mutation,completed,1788427155337110,178842683956183202,,,,1788427155334281,1788427155334281,1788427155337110,,,http_data_plane,,,,,2829
server,client_mutation,completed,1788427155836489,178842683956183202,,,,1788427155834144,1788427155834144,1788427155836489,,,http_data_plane,,,,,2345
server,peer_replication_pull_request,sent,1788427155934552,178842683956183202,,,,,,,,,connected_peers=24,,,,,
server,peer_replication_merge_delta,completed,1788427156003305,178842683956183202,,4,,1788427155997513,1788427156003237,1788427156003305,,,"delta_len=48,sent_us=1788427155993171",,,,,68
server,client_mutation,completed,1788427156336549,178842683956183202,,,,1788427156334269,1788427156334270,1788427156336549,,,http_data_plane,,,,,2279
server,peer_replication_get_delta,completed,1788427156377907,178842683956183202,178842684114090201,4,,1788427156377783,1788427156377787,1788427156377907,,,"delta_len=237,sent_us=1788427156347782",,,,,120
server,peer_replication_get_delta,completed,1788427156522545,178842683956183202,178842684426433101,4,,1788427156522494,1788427156522498,1788427156522545,,,"delta_len=11,sent_us=1788427156510112",,,,,47
server,client_mutation,completed,1788427156836194,178842683956183202,,,,1788427156833990,1788427156833990,1788427156836194,,,http_data_plane,,,,,2204
server,peer_replication_get_delta,completed,1788427156860778,178842683956183202,178842684426434101,4,,1788427156860670,1788427156860675,1788427156860778,,,"delta_len=34,sent_us=1788427156804913",,,,,103
server,peer_replication_pull_request,sent,1788427156933893,178842683956183202,,,,,,,,,connected_peers=24,,,,,
server,peer_replication_get_delta,completed,1788427156985998,178842683956183202,178842684114092201,4,,1788427156985940,1788427156985945,1788427156985998,,,"delta_len=29,sent_us=1788427156911334",,,,,53
server,peer_replication_merge_delta,completed,1788427157021489,178842683956183202,,4,,1788427157015428,1788427157021443,1788427157021489,,,"delta_len=60,sent_us=1788427157005158",,,,,46
server,client_mutation,completed,1788427157336289,178842683956183202,,,,1788427157333912,1788427157333912,1788427157336289,,,http_data_plane,,,,,2377
server,client_mutation,completed,1788427157836803,178842683956183202,,,,1788427157834504,1788427157834504,1788427157836803,,,http_data_plane,,,,,2299
server,peer_replication_pull_request,sent,1788427157934551,178842683956183202,,,,,,,,,connected_peers=24,,,,,
server,peer_replication_merge_delta,completed,1788427157990727,178842683956183202,,4,,1788427157983504,1788427157990649,1788427157990727,,,"delta_len=80,sent_us=1788427157982775",,,,,78
server,client_mutation,completed,1788427158336250,178842683956183202,,,,1788427158333978,1788427158333978,1788427158336250,,,http_data_plane,,,,,2272
server,peer_replication_get_delta,completed,1788427158519972,178842683956183202,178842684114094201,4,,1788427158519913,1788427158519917,1788427158519972,,,"delta_len=50,sent_us=1788427158490147",,,,,55
server,membership_directory_read,completed,1788427158599301,178842683956183202,,,,,1788427158554481,1788427158599301,,,poll:42 descriptors,,,,,44820
server,client_mutation,completed,1788427158836024,178842683956183202,,,,1788427158833881,1788427158833881,1788427158836024,,,http_data_plane,,,,,2143
server,peer_replication_get_delta,completed,1788427158926141,178842683956183202,178842683849158801,4,,1788427158926084,1788427158926088,1788427158926141,,,"delta_len=46,sent_us=1788427158844977",,,,,53
server,peer_replication_pull_request,sent,1788427158934640,178842683956183202,,,,,,,,,connected_peers=24,,,,,
server,peer_replication_merge_delta,completed,1788427158988666,178842683956183202,,4,,1788427158983372,1788427158988628,1788427158988666,,,"delta_len=41,sent_us=1788427158982807",,,,,38
server,client_mutation,completed,1788427159336327,178842683956183202,,,,1788427159334230,1788427159334230,1788427159336327,,,http_data_plane,,,,,2097
server,peer_replication_get_delta,completed,1788427159722879,178842683956183202,178842683956185201,4,,1788427159722778,1788427159722783,1788427159722879,,,"delta_len=380,sent_us=1788427159678409",,,,,96
server,client_mutation,completed,1788427159836106,178842683956183202,,,,1788427159833926,1788427159833926,1788427159836106,,,http_data_plane,,,,,2180
server,peer_replication_pull_request,sent,1788427159933850,178842683956183202,,,,,,,,,connected_peers=24,,,,,
server,peer_replication_merge_delta,completed,1788427160038988,178842683956183202,,4,,1788427160034828,1788427160038968,1788427160038988,,,"delta_len=24,sent_us=1788427160004952",,,,,20
server,client_mutation,completed,1788427160336132,178842683956183202,,,,1788427160333943,1788427160333943,1788427160336132,,,http_data_plane,,,,,2189
server,client_mutation,completed,1788427160836311,178842683956183202,,,,1788427160833856,1788427160833856,1788427160836311,,,http_data_plane,,,,,2455
server,peer_replication_pull_request,sent,1788427160933928,178842683956183202,,,,,,,,,connected_peers=24,,,,,
server,peer_replication_merge_delta,completed,1788427160955904,178842683956183202,,4,,1788427160950629,1788427160955861,1788427160955904,,,"delta_len=49,sent_us=1788427160946081",,,,,43
server,peer_replication_get_delta,completed,1788427160983096,178842683956183202,178842684114092201,4,,1788427160983037,1788427160983042,1788427160983096,,,"delta_len=32,sent_us=1788427160911483",,,,,54
server,client_mutation,completed,1788427161336343,178842683956183202,,,,1788427161334005,1788427161334006,1788427161336343,,,http_data_plane,,,,,2337
server,peer_replication_get_delta,completed,1788427161422249,178842683956183202,178842684114090201,4,,1788427161422172,1788427161422177,1788427161422249,,,"delta_len=204,sent_us=1788427161347789",,,,,72
server,peer_replication_get_delta,completed,1788427161468218,178842683956183202,178842683956182202,4,,1788427161468160,1788427161468164,1788427161468218,,,"delta_len=20,sent_us=1788427161467663",,,,,54
server,client_mutation,completed,1788427161836239,178842683956183202,,,,1788427161833978,1788427161833978,1788427161836239,,,http_data_plane,,,,,2261
server,peer_replication_get_delta,completed,1788427161926287,178842683956183202,178842683849158801,4,,1788427161926234,1788427161926239,1788427161926287,,,"delta_len=30,sent_us=1788427161844831",,,,,48
server,peer_replication_pull_request,sent,1788427161934515,178842683956183202,,,,,,,,,connected_peers=24,,,,,
server,peer_replication_merge_delta,completed,1788427161988545,178842683956183202,,4,,1788427161982808,1788427161988504,1788427161988545,,,"delta_len=48,sent_us=1788427161935085",,,,,41
server,peer_replication_get_delta,completed,1788427162282309,178842683956183202,178842683956181201,4,,1788427162282255,1788427162282259,1788427162282309,,,"delta_len=20,sent_us=1788427162281700",,,,,50
server,client_mutation,completed,1788427162336014,178842683956183202,,,,1788427162333891,1788427162333891,1788427162336014,,,http_data_plane,,,,,2123
server,peer_replication_get_delta,completed,1788427162422201,178842683956183202,178842684114090201,4,,1788427162422141,1788427162422147,1788427162422201,,,"delta_len=50,sent_us=1788427162348570",,,,,54
server,client_mutation,completed,1788427162836069,178842683956183202,,,,1788427162833867,1788427162833867,1788427162836069,,,http_data_plane,,,,,2202
server,peer_replication_pull_request,sent,1788427162933808,178842683956183202,,,,,,,,,connected_peers=24,,,,,
server,peer_replication_merge_delta,completed,1788427162979416,178842683956183202,,4,,1788427162974197,1788427162979369,1788427162979416,,,"delta_len=51,sent_us=1788427162963894",,,,,47
server,client_mutation,completed,1788427163336073,178842683956183202,,,,1788427163333870,1788427163333870,1788427163336073,,,http_data_plane,,,,,2203
server,membership_directory_read,completed,1788427163600126,178842683956183202,,,,,1788427163554471,1788427163600126,,,poll:42 descriptors,,,,,45655
server,client_mutation,completed,1788427163838515,178842683956183202,,,,1788427163836005,1788427163836005,1788427163838515,,,http_data_plane,,,,,2510
server,peer_replication_pull_request,sent,1788427163934523,178842683956183202,,,,,,,,,connected_peers=24,,,,,
server,peer_replication_merge_delta,completed,1788427164037799,178842683956183202,,4,,1788427164030081,1788427164037675,1788427164037799,,,"delta_len=74,sent_us=1788427164014309",,,,,124
server,peer_replication_get_delta,completed,1788427164322911,178842683956183202,178842683956181201,4,,1788427164322841,1788427164322845,1788427164322911,,,"delta_len=112,sent_us=1788427164282001",,,,,66
server,client_mutation,completed,1788427164336463,178842683956183202,,,,1788427164334226,1788427164334226,1788427164336463,,,http_data_plane,,,,,2237
server,peer_replication_get_delta,completed,1788427164446096,178842683956183202,178842683849155802,4,,1788427164446036,1788427164446041,1788427164446096,,,"delta_len=50,sent_us=1788427164366884",,,,,55
server,peer_replication_get_delta,completed,1788427164512855,178842683956183202,178842683956182202,4,,1788427164512791,1788427164512796,1788427164512855,,,"delta_len=44,sent_us=1788427164467291",,,,,59
server,client_mutation,completed,1788427164836246,178842683956183202,,,,1788427164834019,1788427164834019,1788427164836246,,,http_data_plane,,,,,2227
server,peer_replication_pull_request,sent,1788427164933904,178842683956183202,,,,,,,,,connected_peers=24,,,,,
server,peer_replication_merge_delta,completed,1788427165009373,178842683956183202,,4,,1788427165005427,1788427165009354,1788427165009373,,,"delta_len=19,sent_us=1788427164993024",,,,,19
server,client_mutation,completed,1788427165336111,178842683956183202,,,,1788427165333930,1788427165333930,1788427165336111,,,http_data_plane,,,,,2181
server,client_mutation,completed,1788427165836176,178842683956183202,,,,1788427165834008,1788427165834008,1788427165836176,,,http_data_plane,,,,,2168
server,peer_replication_get_delta,completed,1788427165926141,178842683956183202,178842683849158801,4,,1788427165926091,1788427165926095,1788427165926141,,,"delta_len=16,sent_us=1788427165844270",,,,,46
server,peer_replication_pull_request,sent,1788427165934340,178842683956183202,,,,,,,,,connected_peers=24,,,,,
server,peer_replication_merge_delta,completed,1788427166035093,178842683956183202,,4,,1788427166026293,1788427166035062,1788427166035093,,,"delta_len=42,sent_us=1788427166014170",,,,,31
server,client_mutation,completed,1788427166336174,178842683956183202,,,,1788427166334093,1788427166334093,1788427166336174,,,http_data_plane,,,,,2081
server,peer_replication_get_delta,completed,1788427166816381,178842683956183202,178842683849157801,4,,1788427166816327,1788427166816331,1788427166816381,,,"delta_len=13,sent_us=1788427166736398",,,,,50
server,client_mutation,completed,1788427166836015,178842683956183202,,,,1788427166833886,1788427166833886,1788427166836015,,,http_data_plane,,,,,2129
server,peer_replication_pull_request,sent,1788427166934266,178842683956183202,,,,,,,,,connected_peers=24,,,,,
server,peer_replication_merge_delta,completed,1788427166940219,178842683956183202,,4,,1788427166935206,1788427166940197,1788427166940219,,,"delta_len=38,sent_us=1788427166934704",,,,,22
server,peer_replication_get_delta,completed,1788427166982502,178842683956183202,178842684114092201,4,,1788427166982442,1788427166982446,1788427166982502,,,"delta_len=71,sent_us=1788427166911851",,,,,56
server,client_mutation,completed,1788427167336469,178842683956183202,,,,1788427167334284,1788427167334284,1788427167336469,,,http_data_plane,,,,,2185
server,client_mutation,completed,1788427167836144,178842683956183202,,,,1788427167833901,1788427167833901,1788427167836144,,,http_data_plane,,,,,2243
server,peer_replication_pull_request,sent,1788427167934375,178842683956183202,,,,,,,,,connected_peers=24,,,,,
server,peer_replication_merge_delta,completed,1788427167945588,178842683956183202,,4,,1788427167935535,1788427167945514,1788427167945588,,,"delta_len=111,sent_us=1788427167934997",,,,,74
server,peer_replication_get_delta,completed,1788427168283527,178842683956183202,178842683956181201,4,,1788427168283412,1788427168283416,1788427168283527,,,"delta_len=114,sent_us=1788427168282309",,,,,111
server,client_mutation,completed,1788427168336636,178842683956183202,,,,1788427168333962,1788427168333962,1788427168336636,,,http_data_plane,,,,,2674
server,peer_replication_get_delta,completed,1788427168562812,178842683956183202,178842684114094201,4,,1788427168562539,1788427168562545,1788427168562812,,,"delta_len=86,sent_us=1788427168490653",,,,,267
server,membership_directory_read,completed,1788427168599280,178842683956183202,,,,,1788427168554006,1788427168599280,,,poll:42 descriptors,,,,,45274
server,peer_replication_get_delta,completed,1788427168732698,178842683956183202,178842684114091201,4,,1788427168732601,1788427168732606,1788427168732698,,,"delta_len=95,sent_us=1788427168661221",,,,,92
server,client_mutation,completed,1788427168836392,178842683956183202,,,,1788427168833874,1788427168833874,1788427168836392,,,http_data_plane,,,,,2518
server,peer_replication_pull_request,sent,1788427168934097,178842683956183202,,,,,,,,,connected_peers=24,,,,,
server,peer_replication_merge_delta,completed,1788427168989024,178842683956183202,,4,,1788427168982247,1788427168988982,1788427168989024,,,"delta_len=56,sent_us=1788427168969818",,,,,42
server,peer_replication_get_delta,completed,1788427169242017,178842683956183202,178842684286997601,4,,1788427169241940,1788427169241944,1788427169242017,,,"delta_len=151,sent_us=1788427169223705",,,,,73
server,client_mutation,completed,1788427169336080,178842683956183202,,,,1788427169333853,1788427169333853,1788427169336080,,,http_data_plane,,,,,2227
server,peer_replication_get_delta,completed,1788427169570473,178842683956183202,178842684426433101,4,,1788427169570411,1788427169570415,1788427169570473,,,"delta_len=89,sent_us=1788427169510833",,,,,58
server,client_mutation,completed,1788427169836673,178842683956183202,,,,1788427169834326,1788427169834326,1788427169836673,,,http_data_plane,,,,,2347
server,peer_replication_pull_request,sent,1788427169934508,178842683956183202,,,,,,,,,connected_peers=24,,,,,
server,peer_replication_merge_delta,completed,1788427170040548,178842683956183202,,4,,1788427170035427,1788427170040522,1788427170040548,,,"delta_len=34,sent_us=1788427170004901",,,,,26
server,client_mutation,completed,1788427170335998,178842683956183202,,,,1788427170333870,1788427170333870,1788427170335998,,,http_data_plane,,,,,2128
server,peer_replication_get_delta,completed,1788427170784820,178842683956183202,178842684286995601,4,,1788427170784766,1788427170784770,1788427170784820,,,"delta_len=24,sent_us=1788427170718373",,,,,50
server,peer_replication_get_delta,completed,1788427170816369,178842683956183202,178842683849157801,4,,1788427170816305,1788427170816310,1788427170816369,,,"delta_len=93,sent_us=1788427170735632",,,,,59
server,client_mutation,completed,1788427170837044,178842683956183202,,,,1788427170834592,1788427170834592,1788427170837044,,,http_data_plane,,,,,2452
server,peer_replication_get_delta,completed,1788427170926448,178842683956183202,178842683849158801,4,,1788427170926389,1788427170926394,1788427170926448,,,"delta_len=61,sent_us=1788427170844671",,,,,54
server,peer_replication_pull_request,sent,1788427170934650,178842683956183202,,,,,,,,,connected_peers=24,,,,,
server,peer_replication_merge_delta,completed,1788427170977232,178842683956183202,,4,,1788427170972218,1788427170977206,1788427170977232,,,"delta_len=34,sent_us=1788427170953498",,,,,26
server,client_mutation,completed,1788427171336477,178842683956183202,,,,1788427171334237,1788427171334237,1788427171336477,,,http_data_plane,,,,,2240
server,peer_replication_get_delta,completed,1788427171517592,178842683956183202,178842684286994601,4,,1788427171517534,1788427171517539,1788427171517592,,,"delta_len=28,sent_us=1788427171498858",,,,,53
server,client_mutation,completed,1788427171836141,178842683956183202,,,,1788427171833896,1788427171833896,1788427171836141,,,http_data_plane,,,,,2245
server,peer_replication_pull_request,sent,1788427171934525,178842683956183202,,,,,,,,,connected_peers=24,,,,,
server,peer_replication_merge_delta,completed,1788427171975471,178842683956183202,,4,,1788427171972550,1788427171975456,1788427171975471,,,"delta_len=7,sent_us=1788427171953965",,,,,15
server,peer_replication_get_delta,completed,1788427171992510,178842683956183202,178842684114092201,4,,1788427171992439,1788427171992444,1788427171992510,,,"delta_len=133,sent_us=1788427171911938",,,,,66
server,peer_replication_get_delta,completed,1788427172027038,178842683956183202,178842684286996601,4,,1788427172026984,1788427172026989,1788427172027038,,,"delta_len=32,sent_us=1788427172008331",,,,,49
server,peer_replication_get_delta,completed,1788427172333542,178842683956183202,178842683956181201,4,,1788427172333460,1788427172333465,1788427172333542,,,"delta_len=32,sent_us=1788427172282178",,,,,77
server,client_mutation,completed,1788427172337008,178842683956183202,,,,1788427172334903,1788427172334903,1788427172337008,,,http_data_plane,,,,,2105
server,client_mutation,completed,1788427172836135,178842683956183202,,,,1788427172833999,1788427172834000,1788427172836135,,,http_data_plane,,,,,2135
server,peer_replication_pull_request,sent,1788427172933908,178842683956183202,,,,,,,,,connected_peers=24,,,,,
server,peer_replication_merge_delta,completed,1788427172939562,178842683956183202,,4,,1788427172935017,1788427172939513,1788427172939562,,,"delta_len=37,sent_us=1788427172934482",,,,,49
server,client_mutation,completed,1788427173336003,178842683956183202,,,,1788427173333862,1788427173333862,1788427173336003,,,http_data_plane,,,,,2141
server,membership_directory_read,completed,1788427173598326,178842683956183202,,,,,1788427173553882,1788427173598326,,,poll:42 descriptors,,,,,44444
server,peer_replication_get_delta,completed,1788427173816375,178842683956183202,178842683849157801,4,,1788427173816316,1788427173816322,1788427173816375,,,"delta_len=67,sent_us=1788427173736006",,,,,53
server,client_mutation,completed,1788427173836022,178842683956183202,,,,1788427173833904,1788427173833904,1788427173836022,,,http_data_plane,,,,,2118
server,peer_replication_pull_request,sent,1788427173933926,178842683956183202,,,,,,,,,connected_peers=24,,,,,
server,peer_replication_merge_delta,completed,1788427174022574,178842683956183202,,4,,1788427174015612,1788427174022515,1788427174022574,,,"delta_len=82,sent_us=1788427174005245",,,,,59
server,peer_replication_get_delta,completed,1788427174282488,178842683956183202,178842683956181201,4,,1788427174282433,1788427174282438,1788427174282488,,,"delta_len=29,sent_us=1788427174281986",,,,,50
server,client_mutation,completed,1788427174336040,178842683956183202,,,,1788427174333784,1788427174333785,1788427174336040,,,http_data_plane,,,,,2255
server,peer_replication_get_delta,completed,1788427174570610,178842683956183202,178842684426433101,4,,1788427174570554,1788427174570559,1788427174570610,,,"delta_len=35,sent_us=1788427174510968",,,,,51
server,client_mutation,completed,1788427174835902,178842683956183202,,,,1788427174833904,1788427174833904,1788427174835902,,,http_data_plane,,,,,1998
server,peer_replication_pull_request,sent,1788427174934681,178842683956183202,,,,,,,,,connected_peers=24,,,,,
server,peer_replication_merge_delta,completed,1788427174989484,178842683956183202,,4,,1788427174983353,1788427174989444,1788427174989484,,,"delta_len=60,sent_us=1788427174982825",,,,,40
server,peer_replication_get_delta,completed,1788427175284678,178842683956183202,178842684286997601,4,,1788427175284615,1788427175284621,1788427175284678,,,"delta_len=95,sent_us=1788427175223405",,,,,57
server,client_mutation,completed,1788427175335945,178842683956183202,,,,1788427175333843,1788427175333843,1788427175335945,,,http_data_plane,,,,,2102
server,peer_replication_get_delta,completed,1788427175570604,178842683956183202,178842684426433101,4,,1788427175570545,1788427175570550,1788427175570604,,,"delta_len=33,sent_us=1788427175510994",,,,,54
server,client_mutation,completed,1788427175835823,178842683956183202,,,,1788427175833880,1788427175833880,1788427175835823,,,http_data_plane,,,,,1943
server,peer_replication_pull_request,sent,1788427175934712,178842683956183202,,,,,,,,,connected_peers=24,,,,,
server,peer_replication_get_delta,completed,1788427175992523,178842683956183202,178842684114092201,4,,1788427175992467,1788427175992472,1788427175992523,,,"delta_len=34,sent_us=1788427175911376",,,,,51
server,peer_replication_merge_delta,completed,1788427176012046,178842683956183202,,4,,1788427176006834,1788427176012009,1788427176012046,,,"delta_len=42,sent_us=1788427176000531",,,,,37
server,client_mutation,completed,1788427176335902,178842683956183202,,,,1788427176333917,1788427176333917,1788427176335902,,,http_data_plane,,,,,1985
server,peer_replication_get_delta,completed,1788427176513308,178842683956183202,178842683956182202,4,,1788427176513228,1788427176513233,1788427176513308,,,"delta_len=105,sent_us=1788427176467389",,,,,75
server,peer_replication_get_delta,completed,1788427176562677,178842683956183202,178842684114094201,4,,1788427176562525,1788427176562530,1788427176562677,,,"delta_len=56,sent_us=1788427176490316",,,,,147
server,client_mutation,completed,1788427176836093,178842683956183202,,,,1788427176834041,1788427176834041,1788427176836093,,,http_data_plane,,,,,2052
server,peer_replication_pull_request,sent,1788427176933963,178842683956183202,,,,,,,,,connected_peers=24,,,,,
server,peer_replication_merge_delta,completed,1788427177039667,178842683956183202,,4,,1788427177029862,1788427177039605,1788427177039667,,,"delta_len=47,sent_us=1788427177015978",,,,,62
server,peer_replication_get_delta,completed,1788427177070927,178842683956183202,178842684426435101,4,,1788427177070819,1788427177070823,1788427177070927,,,"delta_len=93,sent_us=1788427177017961",,,,,104
server,client_mutation,completed,1788427177336016,178842683956183202,,,,1788427177333857,1788427177333858,1788427177336016,,,http_data_plane,,,,,2158
server,peer_replication_get_delta,completed,1788427177603193,178842683956183202,178842683849156802,4,,1788427177603139,1788427177603144,1788427177603193,,,"delta_len=27,sent_us=1788427177566214",,,,,49
server,client_mutation,completed,1788427177836085,178842683956183202,,,,1788427177833968,1788427177833969,1788427177836085,,,http_data_plane,,,,,2116
server,peer_replication_pull_request,sent,1788427177933910,178842683956183202,,,,,,,,,connected_peers=24,,,,,
server,peer_replication_merge_delta,completed,1788427178024007,178842683956183202,,4,,1788427178015660,1788427178023973,1788427178024007,,,"delta_len=48,sent_us=1788427178004903",,,,,34
server,client_mutation,completed,1788427178336078,178842683956183202,,,,1788427178333911,1788427178333911,1788427178336078,,,http_data_plane,,,,,2167
server,peer_replication_get_delta,completed,1788427178512884,178842683956183202,178842683956182202,4,,1788427178512815,1788427178512820,1788427178512884,,,"delta_len=80,sent_us=1788427178467116",,,,,64
server,membership_directory_read,completed,1788427178603150,178842683956183202,,,,,1788427178554210,1788427178603150,,,poll:42 descriptors,,,,,48940
server,client_mutation,completed,1788427178836188,178842683956183202,,,,1788427178833885,1788427178833885,1788427178836188,,,http_data_plane,,,,,2303
server,peer_replication_pull_request,sent,1788427178934135,178842683956183202,,,,,,,,,connected_peers=24,,,,,
server,peer_replication_merge_delta,completed,1788427178989585,178842683956183202,,4,,1788427178986589,1788427178989564,1788427178989585,,,"delta_len=8,sent_us=1788427178986105",,,,,21
server,client_mutation,completed,1788427179336352,178842683956183202,,,,1788427179333981,1788427179333982,1788427179336352,,,http_data_plane,,,,,2370
server,peer_replication_get_delta,completed,1788427179377856,178842683956183202,178842684114090201,4,,1788427179377684,1788427179377689,1788427179377856,,,"delta_len=167,sent_us=1788427179347701",,,,,167
server,peer_replication_get_delta,completed,1788427179678391,178842683956183202,178842683956185201,4,,1788427179678320,1788427179678324,1788427179678391,,,"delta_len=173,sent_us=1788427179677858",,,,,67
server,client_mutation,completed,1788427179836043,178842683956183202,,,,1788427179833879,1788427179833880,1788427179836043,,,http_data_plane,,,,,2163
server,peer_replication_pull_request,sent,1788427179933842,178842683956183202,,,,,,,,,connected_peers=24,,,,,
server,peer_replication_merge_delta,completed,1788427180038228,178842683956183202,,4,,1788427180035151,1788427180038208,1788427180038228,,,"delta_len=8,sent_us=1788427180005106",,,,,20
server,client_mutation,completed,1788427180336053,178842683956183202,,,,1788427180333882,1788427180333882,1788427180336053,,,http_data_plane,,,,,2171
server,peer_replication_get_delta,completed,1788427180513043,178842683956183202,178842683956182202,4,,1788427180512803,1788427180512809,1788427180513043,,,"delta_len=20,sent_us=1788427180466963",,,,,234
server,client_mutation,completed,1788427180836621,178842683956183202,,,,1788427180834104,1788427180834104,1788427180836621,,,http_data_plane,,,,,2517
server,peer_replication_get_delta,completed,1788427180860676,178842683956183202,178842684426434101,4,,1788427180860624,1788427180860628,1788427180860676,,,"delta_len=25,sent_us=1788427180804759",,,,,48
server,peer_replication_pull_request,sent,1788427180934031,178842683956183202,,,,,,,,,connected_peers=24,,,,,
server,peer_replication_merge_delta,completed,1788427180948535,178842683956183202,,4,,1788427180936398,1788427180948472,1788427180948535,,,"delta_len=125,sent_us=1788427180935095",,,,,63
server,client_mutation,completed,1788427181336392,178842683956183202,,,,1788427181334245,1788427181334245,1788427181336392,,,http_data_plane,,,,,2147
server,peer_replication_get_delta,completed,1788427181732658,178842683956183202,178842684114091201,4,,1788427181732588,1788427181732593,1788427181732658,,,"delta_len=116,sent_us=1788427181661256",,,,,65
server,client_mutation,completed,1788427181836141,178842683956183202,,,,1788427181833958,1788427181833959,1788427181836141,,,http_data_plane,,,,,2182
server,peer_replication_get_delta,completed,1788427181881481,178842683956183202,178842683849158801,4,,1788427181881409,1788427181881423,1788427181881481,,,"delta_len=60,sent_us=1788427181844023",,,,,58
server,peer_replication_pull_request,sent,1788427181933954,178842683956183202,,,,,,,,,connected_peers=24,,,,,
server,peer_replication_merge_delta,completed,1788427181987599,178842683956183202,,4,,1788427181982527,1788427181987570,1788427181987599,,,"delta_len=44,sent_us=1788427181970184",,,,,29
server,peer_replication_get_delta,completed,1788427182314349,178842683956183202,178842684286993601,4,,1788427182314062,1788427182314073,1788427182314349,,,"delta_len=96,sent_us=1788427182250360",,,,,276
server,client_mutation,completed,1788427182336190,178842683956183202,,,,1788427182333886,1788427182333886,1788427182336190,,,http_data_plane,,,,,2304
server,client_mutation,completed,1788427182835871,178842683956183202,,,,1788427182833861,1788427182833862,1788427182835871,,,http_data_plane,,,,,2009
server,peer_replication_pull_request,sent,1788427182934658,178842683956183202,,,,,,,,,connected_peers=24,,,,,
server,peer_replication_merge_delta,completed,1788427183010295,178842683956183202,,4,,1788427183006375,1788427183010270,1788427183010295,,,"delta_len=27,sent_us=1788427182994044",,,,,25
server,peer_replication_get_delta,completed,1788427183256932,178842683956183202,178842683849154802,4,,1788427183256820,1788427183256824,1788427183256932,,,"delta_len=51,sent_us=1788427183173860",,,,,108
server,peer_replication_get_delta,completed,1788427183304241,178842683956183202,178842684426432101,4,,1788427183303990,1788427183303994,1788427183304241,,,"delta_len=58,sent_us=1788427183290859",,,,,247
server,client_mutation,completed,1788427183335959,178842683956183202,,,,1788427183333941,1788427183333942,1788427183335959,,,http_data_plane,,,,,2017
server,membership_directory_read,completed,1788427183592961,178842683956183202,,,,,1788427183553846,1788427183592961,,,poll:42 descriptors,,,,,39115
server,peer_replication_get_delta,completed,1788427183646205,178842683956183202,178842683849156802,4,,1788427183646140,1788427183646145,1788427183646205,,,"delta_len=57,sent_us=1788427183565576",,,,,60
server,peer_replication_get_delta,completed,1788427183771833,178842683956183202,178842683849157801,4,,1788427183771778,1788427183771783,1788427183771833,,,"delta_len=25,sent_us=1788427183735474",,,,,50
server,client_mutation,completed,1788427183836640,178842683956183202,,,,1788427183834274,1788427183834274,1788427183836640,,,http_data_plane,,,,,2366
server,peer_replication_pull_request,sent,1788427183934503,178842683956183202,,,,,,,,,connected_peers=24,,,,,
server,peer_replication_merge_delta,completed,1788427184110340,178842683956183202,,4,,1788427184106309,1788427184110308,1788427184110340,,,"delta_len=23,sent_us=1788427184020927",,,,,32
server,client_mutation,completed,1788427184336181,178842683956183202,,,,1788427184333879,1788427184333879,1788427184336181,,,http_data_plane,,,,,2302
server,client_mutation,completed,1788427184836015,178842683956183202,,,,1788427184833877,1788427184833877,1788427184836015,,,http_data_plane,,,,,2138
server,peer_replication_pull_request,sent,1788427184933956,178842683956183202,,,,,,,,,connected_peers=24,,,,,
server,peer_replication_merge_delta,completed,1788427184965129,178842683956183202,,4,,1788427184959334,1788427184965089,1788427184965129,,,"delta_len=59,sent_us=1788427184953152",,,,,40
server,client_mutation,completed,1788427185336139,178842683956183202,,,,1788427185333911,1788427185333911,1788427185336139,,,http_data_plane,,,,,2228
server,client_mutation,completed,1788427185836127,178842683956183202,,,,1788427185833944,1788427185833944,1788427185836127,,,http_data_plane,,,,,2183
server,peer_replication_get_delta,completed,1788427185926383,178842683956183202,178842683849158801,4,,1788427185926321,1788427185926326,1788427185926383,,,"delta_len=44,sent_us=1788427185844337",,,,,57
server,peer_replication_pull_request,sent,1788427185934564,178842683956183202,,,,,,,,,connected_peers=24,,,,,
server,peer_replication_merge_delta,completed,1788427185998854,178842683956183202,,4,,1788427185995278,1788427185998840,1788427185998854,,,"delta_len=17,sent_us=1788427185964945",,,,,14
server,client_mutation,completed,1788427186335995,178842683956183202,,,,1788427186333846,1788427186333846,1788427186335995,,,http_data_plane,,,,,2149
server,peer_replication_get_delta,completed,1788427186350586,178842683956183202,178842684426432101,4,,1788427186350525,1788427186350530,1788427186350586,,,"delta_len=43,sent_us=1788427186290897",,,,,56
server,peer_replication_get_delta,completed,1788427186562365,178842683956183202,178842684114094201,4,,1788427186562273,1788427186562278,1788427186562365,,,"delta_len=37,sent_us=1788427186490474",,,,,87
server,peer_replication_get_delta,completed,1788427186646554,178842683956183202,178842683849156802,4,,1788427186646497,1788427186646501,1788427186646554,,,"delta_len=41,sent_us=1788427186566329",,,,,53
server,client_mutation,completed,1788427186836978,178842683956183202,,,,1788427186834180,1788427186834180,1788427186836978,,,http_data_plane,,,,,2798
server,peer_replication_pull_request,sent,1788427186934119,178842683956183202,,,,,,,,,connected_peers=24,,,,,
server,peer_replication_merge_delta,completed,1788427187017393,178842683956183202,,4,,1788427187006565,1788427187017314,1788427187017393,,,"delta_len=109,sent_us=1788427186970174",,,,,79
server,client_mutation,completed,1788427187336909,178842683956183202,,,,1788427187334237,1788427187334237,1788427187336909,,,http_data_plane,,,,,2672
server,peer_replication_get_delta,completed,1788427187402997,178842683956183202,178842683849155802,4,,1788427187402939,1788427187402943,1788427187402997,,,"delta_len=47,sent_us=1788427187366694",,,,,54
server,peer_replication_get_delta,completed,1788427187518151,178842683956183202,178842684286994601,4,,1788427187518092,1788427187518097,1788427187518151,,,"delta_len=38,sent_us=1788427187499382",,,,,54
server,client_mutation,completed,1788427187836211,178842683956183202,,,,1788427187833913,1788427187833913,1788427187836211,,,http_data_plane,,,,,2298
server,peer_replication_pull_request,sent,1788427187934201,178842683956183202,,,,,,,,,connected_peers=24,,,,,
server,peer_replication_merge_delta,completed,1788427188022407,178842683956183202,,4,,1788427188015279,1788427188022356,1788427188022407,,,"delta_len=72,sent_us=1788427188004905",,,,,51
server,client_mutation,completed,1788427188336359,178842683956183202,,,,1788427188333789,1788427188333789,1788427188336359,,,http_data_plane,,,,,2570
server,membership_directory_read,completed,1788427188597970,178842683956183202,,,,,1788427188554256,1788427188597970,,,poll:42 descriptors,,,,,43714
server,client_mutation,completed,1788427188836873,178842683956183202,,,,1788427188834617,1788427188834617,1788427188836873,,,http_data_plane,,,,,2256
server,peer_replication_pull_request,sent,1788427188934346,178842683956183202,,,,,,,,,connected_peers=24,,,,,
server,peer_replication_merge_delta,completed,1788427189055267,178842683956183202,,4,,1788427189050665,1788427189055233,1788427189055267,,,"delta_len=29,sent_us=1788427189014831",,,,,34
server,client_mutation,completed,1788427189336103,178842683956183202,,,,1788427189333928,1788427189333928,1788427189336103,,,http_data_plane,,,,,2175
server,peer_replication_get_delta,completed,1788427189562274,178842683956183202,178842684114094201,4,,1788427189562209,1788427189562214,1788427189562274,,,"delta_len=56,sent_us=1788427189490280",,,,,60
server,peer_replication_get_delta,completed,1788427189570621,178842683956183202,178842684426433101,4,,1788427189570554,1788427189570560,1788427189570621,,,"delta_len=34,sent_us=1788427189510054",,,,,61
server,client_mutation,completed,1788427189836178,178842683956183202,,,,1788427189834010,1788427189834010,1788427189836178,,,http_data_plane,,,,,2168
server,peer_replication_pull_request,sent,1788427189933916,178842683956183202,,,,,,,,,connected_peers=24,,,,,
server,peer_replication_merge_delta,completed,1788427189955721,178842683956183202,,4,,1788427189950246,1788427189955680,1788427189955721,,,"delta_len=49,sent_us=1788427189945897",,,,,41
server,client_mutation,completed,1788427190336087,178842683956183202,,,,1788427190333887,1788427190333887,1788427190336087,,,http_data_plane,,,,,2200
server,client_mutation,completed,1788427190836440,178842683956183202,,,,1788427190834059,1788427190834059,1788427190836440,,,http_data_plane,,,,,2381
server,peer_replication_pull_request,sent,1788427190933973,178842683956183202,,,,,,,,,connected_peers=24,,,,,
server,peer_replication_merge_delta,completed,1788427191013873,178842683956183202,,4,,1788427191006895,1788427191013832,1788427191013873,,,"delta_len=64,sent_us=1788427191000481",,,,,41
server,peer_replication_get_delta,completed,1788427191333077,178842683956183202,178842683956181201,4,,1788427191333017,1788427191333022,1788427191333077,,,"delta_len=42,sent_us=1788427191282513",,,,,55
server,client_mutation,completed,1788427191336925,178842683956183202,,,,1788427191334327,1788427191334327,1788427191336925,,,http_data_plane,,,,,2598
server,peer_replication_get_delta,completed,1788427191698063,178842683956183202,178842684114091201,4,,1788427191697962,1788427191697966,1788427191698063,,,"delta_len=337,sent_us=1788427191661426",,,,,97
server,peer_replication_get_delta,completed,1788427191816394,178842683956183202,178842683849157801,4,,1788427191816337,1788427191816341,1788427191816394,,,"delta_len=33,sent_us=1788427191736007",,,,,53
server,client_mutation,completed,1788427191836394,178842683956183202,,,,1788427191834110,1788427191834110,1788427191836394,,,http_data_plane,,,,,2284
server,peer_replication_get_delta,completed,1788427191881163,178842683956183202,178842683849158801,4,,1788427191881002,1788427191881007,1788427191881163,,,"delta_len=46,sent_us=1788427191844905",,,,,156
server,peer_replication_pull_request,sent,1788427191934527,178842683956183202,,,,,,,,,connected_peers=24,,,,,
server,peer_replication_merge_delta,completed,1788427192016105,178842683956183202,,4,,1788427192009267,1788427192016049,1788427192016105,,,"delta_len=46,sent_us=1788427192002822",,,,,56
server,client_mutation,completed,1788427192337553,178842683956183202,,,,1788427192334790,1788427192334790,1788427192337553,,,http_data_plane,,,,,2763
server,client_mutation,completed,1788427192836391,178842683956183202,,,,1788427192834115,1788427192834115,1788427192836391,,,http_data_plane,,,,,2276
server,peer_replication_pull_request,sent,1788427192934271,178842683956183202,,,,,,,,,connected_peers=24,,,,,
server,peer_replication_merge_delta,completed,1788427193003590,178842683956183202,,4,,1788427192997520,1788427193003520,1788427193003590,,,"delta_len=55,sent_us=1788427192993123",,,,,70
server,client_mutation,completed,1788427193337102,178842683956183202,,,,1788427193335044,1788427193335044,1788427193337102,,,http_data_plane,,,,,2058
server,membership_directory_read,completed,1788427193597694,178842683956183202,,,,,1788427193553990,1788427193597694,,,poll:42 descriptors,,,,,43704
server,client_mutation,completed,1788427193836314,178842683956183202,,,,1788427193833972,1788427193833973,1788427193836314,,,http_data_plane,,,,,2341
server,peer_replication_pull_request,sent,1788427193933999,178842683956183202,,,,,,,,,connected_peers=24,,,,,
server,peer_replication_merge_delta,completed,1788427194053763,178842683956183202,,4,,1788427194050789,1788427194053746,1788427194053763,,,"delta_len=11,sent_us=1788427194014773",,,,,17
server,peer_replication_get_delta,completed,1788427194209132,178842683956183202,178842684114093201,4,,1788427194209069,1788427194209073,1788427194209132,,,"delta_len=62,sent_us=1788427194179191",,,,,59
server,client_mutation,completed,1788427194336256,178842683956183202,,,,1788427194333939,1788427194333939,1788427194336256,,,http_data_plane,,,,,2317
server,peer_replication_get_delta,completed,1788427194570656,178842683956183202,178842684426433101,4,,1788427194570598,1788427194570603,1788427194570656,,,"delta_len=34,sent_us=1788427194510395",,,,,53
server,client_mutation,completed,1788427194836245,178842683956183202,,,,1788427194834098,1788427194834098,1788427194836245,,,http_data_plane,,,,,2147
server,peer_replication_pull_request,sent,1788427194933932,178842683956183202,,,,,,,,,connected_peers=24,,,,,
server,peer_replication_merge_delta,completed,1788427194962075,178842683956183202,,4,,1788427194958343,1788427194962055,1788427194962075,,,"delta_len=23,sent_us=1788427194945969",,,,,20
server,client_mutation,completed,1788427195336353,178842683956183202,,,,1788427195334173,1788427195334173,1788427195336353,,,http_data_plane,,,,,2180
server,client_mutation,completed,1788427195836356,178842683956183202,,,,1788427195834249,1788427195834249,1788427195836356,,,http_data_plane,,,,,2107
server,peer_replication_pull_request,sent,1788427195934204,178842683956183202,,,,,,,,,connected_peers=24,,,,,
server,peer_replication_merge_delta,completed,1788427196005319,178842683956183202,,4,,1788427195994617,1788427196005217,1788427196005319,,,"delta_len=127,sent_us=1788427195964263",,,,,102
server,peer_replication_get_delta,completed,1788427196314209,178842683956183202,178842684286993601,4,,1788427196314066,1788427196314075,1788427196314209,,,"delta_len=106,sent_us=1788427196250433",,,,,134
server,client_mutation,completed,1788427196336060,178842683956183202,,,,1788427196333865,1788427196333865,1788427196336060,,,http_data_plane,,,,,2195
server,client_mutation,completed,1788427196835993,178842683956183202,,,,1788427196833823,1788427196833823,1788427196835993,,,http_data_plane,,,,,2170
server,peer_replication_pull_request,sent,1788427196934708,178842683956183202,,,,,,,,,connected_peers=24,,,,,
server,peer_replication_merge_delta,completed,1788427196963156,178842683956183202,,4,,1788427196959256,1788427196963113,1788427196963156,,,"delta_len=24,sent_us=1788427196946857",,,,,43
server,client_mutation,completed,1788427197337238,178842683956183202,,,,1788427197334930,1788427197334930,1788427197337238,,,http_data_plane,,,,,2308
server,peer_replication_get_delta,completed,1788427197433024,178842683956183202,178842683956184202,4,,1788427197432953,1788427197432958,1788427197433024,,,"delta_len=43,sent_us=1788427197385551",,,,,66
server,gc_init,start,1788427197444635,178842683956183202,,5,,,,,,,previous_gc_marker=4,,,,,
server,gc_membership_descriptor_write,completed,1788427197496189,178842683956183202,,5,,,,,,,"178842683956183202,52.59.198.67:19082,5",,,,,
server,membership_directory_read,completed,1788427197535022,178842683956183202,,5,,,1788427197496224,1788427197535022,,,gc_validation:43 descriptors,,,,,38798
server,gc_local_collect,completed,1788427197535931,178842683956183202,,5,,,1788427197535053,1788427197535931,,,departed_pids=None,,,,,878
server,gc_persistent_state_write,completed,1788427197722714,178842683956183202,,5,,,1788427197536047,1788427197722714,,,state_bytes=463459,,,,,186667
server,gc_finalize,completed,1788427197808796,178842683956183202,,5,,,,,,,"178842683956183202,52.59.198.67:19082,4",,,,,
server,peer_replication_get_delta,completed,1788427197809028,178842683956183202,178842684286994601,5,,1788427197808985,1788427197808992,1788427197809028,,,"delta_len=64,sent_us=1788427197498953",,,,,36
server,peer_replication_get_delta,completed,1788427197809067,178842683956183202,178842683956185201,5,,1788427197809052,1788427197809053,1788427197809067,,,"delta_len=53,sent_us=1788427197678190",,,,,14
server,peer_replication_get_delta,completed,1788427197816417,178842683956183202,178842683849157801,5,,1788427197816366,1788427197816371,1788427197816417,,,"delta_len=64,sent_us=1788427197736352",,,,,46
server,client_mutation,completed,1788427197836719,178842683956183202,,,,1788427197834053,1788427197834053,1788427197836719,,,http_data_plane,,,,,2666
server,peer_replication_pull_request,sent,1788427197933876,178842683956183202,,,,,,,,,connected_peers=24,,,,,
server,peer_replication_merge_delta,completed,1788427198014241,178842683956183202,,5,,1788427198008510,1788427198014214,1788427198014241,,,"delta_len=44,sent_us=1788427198001806",,,,,27
server,peer_replication_get_delta,completed,1788427198335626,178842683956183202,178842684426436101,5,,1788427198335577,1788427198335581,1788427198335626,,,"delta_len=84,sent_us=1788427198323095",,,,,45
server,client_mutation,completed,1788427198336798,178842683956183202,,,,1788427198334030,1788427198334030,1788427198336798,,,http_data_plane,,,,,2768
server,peer_replication_get_delta,completed,1788427198512808,178842683956183202,178842683956182202,5,,1788427198512760,1788427198512764,1788427198512808,,,"delta_len=70,sent_us=1788427198467160",,,,,44
server,membership_directory_read,completed,1788427198659631,178842683956183202,,,,,1788427198554283,1788427198659631,,,poll:44 descriptors,,,,,105348
server,client_mutation,completed,1788427198836268,178842683956183202,,,,1788427198833850,1788427198833851,1788427198836268,,,http_data_plane,,,,,2417
server,peer_replication_pull_request,sent,1788427198934065,178842683956183202,,,,,,,,,connected_peers=23,,,,,
server,peer_replication_merge_delta,refused_stale_gc,1788427199080320,178842683956183202,,4,1788427199068014,1788427199080319,,,,,"remote_gc_counter=4,current_gc_counter=5,delta_len=4",,,,,1
server,client_mutation,completed,1788427199336381,178842683956183202,,,,1788427199334120,1788427199334120,1788427199336381,,,http_data_plane,,,,,2261
server,peer_replication_get_delta,completed,1788427199350549,178842683956183202,178842684426432101,5,,1788427199350503,1788427199350507,1788427199350549,,,"delta_len=47,sent_us=1788427199290142",,,,,42
server,client_mutation,completed,1788427199836163,178842683956183202,,,,1788427199833954,1788427199833955,1788427199836163,,,http_data_plane,,,,,2208
server,peer_replication_pull_request,sent,1788427199934002,178842683956183202,,,,,,,,,connected_peers=23,,,,,
server,peer_replication_merge_delta,completed,1788427199941412,178842683956183202,,5,,1788427199934939,1788427199941368,1788427199941412,,,"delta_len=70,sent_us=1788427199934466",,,,,44
server,client_mutation,completed,1788427200336145,178842683956183202,,,,1788427200333934,1788427200333934,1788427200336145,,,http_data_plane,,,,,2211
server,peer_replication_get_delta,completed,1788427200522825,178842683956183202,178842684426433101,5,,1788427200522727,1788427200522732,1788427200522825,,,"delta_len=41,sent_us=1788427200510169",,,,,93
server,peer_replication_get_delta,completed,1788427200732562,178842683956183202,178842684114091201,5,,1788427200732519,1788427200732524,1788427200732562,,,"delta_len=40,sent_us=1788427200660574",,,,,38
server,client_mutation,completed,1788427200836435,178842683956183202,,,,1788427200834155,1788427200834155,1788427200836435,,,http_data_plane,,,,,2280
server,peer_replication_pull_request,sent,1788427200934550,178842683956183202,,,,,,,,,connected_peers=23,,,,,
server,peer_replication_merge_delta,completed,1788427200987439,178842683956183202,,5,,1788427200983156,1788427200987417,1788427200987439,,,"delta_len=22,sent_us=1788427200982735",,,,,22
server,client_mutation,completed,1788427201339944,178842683956183202,,,,1788427201334100,1788427201334100,1788427201339944,,,http_data_plane,,,,,5844
server,peer_replication_get_delta,completed,1788427201446331,178842683956183202,178842683849155802,5,,1788427201446262,1788427201446268,1788427201446331,,,"delta_len=35,sent_us=1788427201366260",,,,,63
server,peer_replication_get_delta,completed,1788427201732893,178842683956183202,178842684114091201,5,,1788427201732638,1788427201732644,1788427201732893,,,"delta_len=24,sent_us=1788427201661137",,,,,249
server,client_mutation,completed,1788427201836034,178842683956183202,,,,1788427201833936,1788427201833936,1788427201836034,,,http_data_plane,,,,,2098
server,peer_replication_pull_request,sent,1788427201934050,178842683956183202,,,,,,,,,connected_peers=23,,,,,
server,peer_replication_merge_delta,completed,1788427201990355,178842683956183202,,5,,1788427201982258,1788427201990315,1788427201990355,,,"delta_len=54,sent_us=1788427201969953",,,,,40
server,peer_replication_get_delta,completed,1788427202284747,178842683956183202,178842684286997601,5,,1788427202284696,1788427202284700,1788427202284747,,,"delta_len=82,sent_us=1788427202223761",,,,,47
server,client_mutation,completed,1788427202337512,178842683956183202,,,,1788427202334377,1788427202334377,1788427202337512,,,http_data_plane,,,,,3135
server,peer_replication_get_delta,completed,1788427202571925,178842683956183202,178842684426433101,5,,1788427202571830,1788427202571834,1788427202571925,,,"delta_len=24,sent_us=1788427202510468",,,,,91
server,client_mutation,completed,1788427202836140,178842683956183202,,,,1788427202833921,1788427202833921,1788427202836140,,,http_data_plane,,,,,2219
server,peer_replication_pull_request,sent,1788427202933918,178842683956183202,,,,,,,,,connected_peers=23,,,,,
server,peer_replication_merge_delta,completed,1788427202991546,178842683956183202,,5,,1788427202985452,1788427202991509,1788427202991546,,,"delta_len=53,sent_us=1788427202972712",,,,,37
server,client_mutation,completed,1788427203336479,178842683956183202,,,,1788427203334198,1788427203334198,1788427203336479,,,http_data_plane,,,,,2281
server,peer_replication_get_delta,completed,1788427203546597,178842683956183202,178842683849155802,5,,1788427203546545,1788427203546549,1788427203546597,,,"delta_len=52,sent_us=1788427203462628",,,,,48
server,peer_replication_get_delta,completed,1788427203581398,178842683956183202,178842684426433101,5,,1788427203581349,1788427203581354,1788427203581398,,,"delta_len=39,sent_us=1788427203526284",,,,,44
server,membership_directory_read,completed,1788427203593921,178842683956183202,,,,,1788427203553862,1788427203593921,,,poll:46 descriptors,,,,,40059
server,client_mutation,completed,1788427203836991,178842683956183202,,,,1788427203834181,1788427203834181,1788427203836991,,,http_data_plane,,,,,2810
server,peer_replication_pull_request,sent,1788427203934257,178842683956183202,,,,,,,,,connected_peers=21,,,,,
server,peer_replication_merge_delta,completed,1788427204009206,178842683956183202,,5,,1788427203997448,1788427204009177,1788427204009206,,,"delta_len=43,sent_us=1788427203993098",,,,,29
server,peer_replication_get_delta,completed,1788427204283007,178842683956183202,178842683956181201,5,,1788427204282951,1788427204282968,1788427204283007,,,"delta_len=48,sent_us=1788427204281872",,,,,39
server,client_mutation,completed,1788427204336550,178842683956183202,,,,1788427204334183,1788427204334183,1788427204336550,,,http_data_plane,,,,,2367
server,peer_replication_get_delta,completed,1788427204446521,178842683956183202,178842683849155802,5,,1788427204446476,1788427204446481,1788427204446521,,,"delta_len=31,sent_us=1788427204366537",,,,,40
server,client_mutation,completed,1788427204836458,178842683956183202,,,,1788427204834128,1788427204834129,1788427204836458,,,http_data_plane,,,,,2329
server,peer_replication_pull_request,sent,1788427204934271,178842683956183202,,,,,,,,,connected_peers=21,,,,,
server,peer_replication_merge_delta,completed,1788427205023311,178842683956183202,,5,,1788427205019412,1788427205023296,1788427205023311,,,"delta_len=13,sent_us=1788427205001285",,,,,15
server,client_mutation,completed,1788427205336451,178842683956183202,,,,1788427205334015,1788427205334015,1788427205336451,,,http_data_plane,,,,,2436
server,peer_replication_get_delta,completed,1788427205646230,178842683956183202,178842683849156802,5,,1788427205646189,1788427205646193,1788427205646230,,,"delta_len=30,sent_us=1788427205566008",,,,,37
server,peer_replication_get_delta,completed,1788427205732583,178842683956183202,178842684114091201,5,,1788427205732530,1788427205732535,1788427205732583,,,"delta_len=100,sent_us=1788427205661197",,,,,48
server,client_mutation,completed,1788427205836321,178842683956183202,,,,1788427205833908,1788427205833908,1788427205836321,,,http_data_plane,,,,,2413
server,peer_replication_pull_request,sent,1788427205934409,178842683956183202,,,,,,,,,connected_peers=21,,,,,
server,peer_replication_merge_delta,completed,1788427206017797,178842683956183202,,5,,1788427206005877,1788427206017663,1788427206017797,,,"delta_len=129,sent_us=1788427205993202",,,,,134
server,client_mutation,completed,1788427206335895,178842683956183202,,,,1788427206333849,1788427206333849,1788427206335895,,,http_data_plane,,,,,2046
server,client_mutation,completed,1788427206836186,178842683956183202,,,,1788427206833936,1788427206833936,1788427206836186,,,http_data_plane,,,,,2250
server,peer_replication_pull_request,sent,1788427206933956,178842683956183202,,,,,,,,,connected_peers=21,,,,,
server,peer_replication_merge_delta,completed,1788427206961650,178842683956183202,,5,,1788427206958432,1788427206961632,1788427206961650,,,"delta_len=15,sent_us=1788427206946007",,,,,18
server,client_mutation,completed,1788427207336625,178842683956183202,,,,1788427207333991,1788427207333991,1788427207336625,,,http_data_plane,,,,,2634
server,client_mutation,completed,1788427207836258,178842683956183202,,,,1788427207834033,1788427207834033,1788427207836258,,,http_data_plane,,,,,2225
server,peer_replication_pull_request,sent,1788427207934296,178842683956183202,,,,,,,,,connected_peers=21,,,,,
server,peer_replication_merge_delta,completed,1788427208009599,178842683956183202,,5,,1788427208006035,1788427208009582,1788427208009599,,,"delta_len=20,sent_us=1788427207970204",,,,,17
server,peer_replication_get_delta,completed,1788427208209700,178842683956183202,178842683849154802,5,,1788427208209655,1788427208209659,1788427208209700,,,"delta_len=25,sent_us=1788427208173686",,,,,41
server,client_mutation,completed,1788427208336552,178842683956183202,,,,1788427208334223,1788427208334223,1788427208336552,,,http_data_plane,,,,,2329
server,membership_directory_read,completed,1788427208604784,178842683956183202,,,,,1788427208554645,1788427208604784,,,poll:46 descriptors,,,,,50139
server,peer_replication_get_delta,completed,1788427208732593,178842683956183202,178842684114091201,5,,1788427208732542,1788427208732546,1788427208732593,,,"delta_len=103,sent_us=1788427208661194",,,,,47
server,client_mutation,completed,1788427208836148,178842683956183202,,,,1788427208833961,1788427208833961,1788427208836148,,,http_data_plane,,,,,2187
server,peer_replication_pull_request,sent,1788427208934203,178842683956183202,,,,,,,,,connected_peers=21,,,,,
server,peer_replication_merge_delta,completed,1788427208962185,178842683956183202,,5,,1788427208958718,1788427208962163,1788427208962185,,,"delta_len=17,sent_us=1788427208946295",,,,,22
server,peer_replication_get_delta,completed,1788427209241659,178842683956183202,178842684286997601,5,,1788427209241611,1788427209241615,1788427209241659,,,"delta_len=42,sent_us=1788427209223521",,,,,44
server,client_mutation,completed,1788427209336268,178842683956183202,,,,1788427209333924,1788427209333924,1788427209336268,,,http_data_plane,,,,,2344
server,peer_replication_get_delta,completed,1788427209522651,178842683956183202,178842684426433101,5,,1788427209522603,1788427209522608,1788427209522651,,,"delta_len=20,sent_us=1788427209510265",,,,,43
server,peer_replication_get_delta,completed,1788427209679129,178842683956183202,178842683956185201,5,,1788427209679084,1788427209679087,1788427209679129,,,"delta_len=23,sent_us=1788427209678468",,,,,42
server,client_mutation,completed,1788427209836432,178842683956183202,,,,1788427209834121,1788427209834121,1788427209836432,,,http_data_plane,,,,,2311
server,peer_replication_pull_request,sent,1788427209934199,178842683956183202,,,,,,,,,connected_peers=21,,,,,
server,client_mutation,completed,1788427210336088,178842683956183202,,,,1788427210333848,1788427210333848,1788427210336088,,,http_data_plane,,,,,2240
server,peer_replication_get_delta,completed,1788427210570585,178842683956183202,178842684426433101,5,,1788427210570546,1788427210570551,1788427210570585,,,"delta_len=2,sent_us=1788427210510977",,,,,34
server,client_mutation,completed,1788427210836554,178842683956183202,,,,1788427210833925,1788427210833925,1788427210836554,,,http_data_plane,,,,,2629
server,peer_replication_pull_request,sent,1788427210934462,178842683956183202,,,,,,,,,connected_peers=21,,,,,
server,peer_replication_get_delta,completed,1788427211256682,178842683956183202,178842683849154802,5,,1788427211256640,1788427211256645,1788427211256682,,,"delta_len=9,sent_us=1788427211173702",,,,,37
server,peer_replication_get_delta,completed,1788427211294731,178842683956183202,178842684286997601,5,,1788427211294694,1788427211294699,1788427211294731,,,"delta_len=4,sent_us=1788427211223321",,,,,32
server,client_mutation,completed,1788427211337863,178842683956183202,,,,1788427211334339,1788427211334339,1788427211337863,,,http_data_plane,,,,,3524
server,peer_replication_get_delta,completed,1788427211378085,178842683956183202,178842684114090201,5,,1788427211378042,1788427211378047,1788427211378085,,,"delta_len=20,sent_us=1788427211348200",,,,,38
server,peer_replication_get_delta,completed,1788427211402236,178842683956183202,178842683849155802,5,,1788427211402193,1788427211402197,1788427211402236,,,"delta_len=16,sent_us=1788427211366534",,,,,39
server,client_mutation,completed,1788427211836077,178842683956183202,,,,1788427211833900,1788427211833901,1788427211836077,,,http_data_plane,,,,,2176
server,peer_replication_pull_request,sent,1788427211933892,178842683956183202,,,,,,,,,connected_peers=21,,,,,
server,peer_replication_merge_delta,completed,1788427211944647,178842683956183202,,5,,1788427211935078,1788427211944576,1788427211944647,,,"delta_len=115,sent_us=1788427211934501",,,,,71
server,client_mutation,completed,1788427212336529,178842683956183202,,,,1788427212334200,1788427212334200,1788427212336529,,,http_data_plane,,,,,2329
server,client_mutation,completed,1788427212836086,178842683956183202,,,,1788427212833894,1788427212833894,1788427212836086,,,http_data_plane,,,,,2192
server,peer_replication_pull_request,sent,1788427212933878,178842683956183202,,,,,,,,,connected_peers=21,,,,,
server,peer_replication_merge_delta,completed,1788427212979061,178842683956183202,,5,,1788427212973810,1788427212979031,1788427212979061,,,"delta_len=53,sent_us=1788427212963517",,,,,30
server,peer_replication_get_delta,completed,1788427213030487,178842683956183202,178842684426435101,5,,1788427213030431,1788427213030437,1788427213030487,,,"delta_len=71,sent_us=1788427213018027",,,,,50
server,client_mutation,completed,1788427213336103,178842683956183202,,,,1788427213333871,1788427213333871,1788427213336103,,,http_data_plane,,,,,2232
server,membership_directory_read,completed,1788427213594760,178842683956183202,,,,,1788427213553961,1788427213594760,,,poll:46 descriptors,,,,,40799
server,client_mutation,completed,1788427213838212,178842683956183202,,,,1788427213835584,1788427213835584,1788427213838212,,,http_data_plane,,,,,2628
server,peer_replication_pull_request,sent,1788427213933787,178842683956183202,,,,,,,,,connected_peers=21,,,,,
server,peer_replication_merge_delta,completed,1788427213956961,178842683956183202,,5,,1788427213950251,1788427213956925,1788427213956961,,,"delta_len=59,sent_us=1788427213945864",,,,,36
server,client_mutation,completed,1788427214336358,178842683956183202,,,,1788427214333870,1788427214333870,1788427214336358,,,http_data_plane,,,,,2488
server,client_mutation,completed,1788427214836162,178842683956183202,,,,1788427214833990,1788427214833990,1788427214836162,,,http_data_plane,,,,,2172
server,peer_replication_pull_request,sent,1788427214934070,178842683956183202,,,,,,,,,connected_peers=21,,,,,
server,peer_replication_merge_delta,completed,1788427214958925,178842683956183202,,5,,1788427214950844,1788427214958879,1788427214958925,,,"delta_len=82,sent_us=1788427214946186",,,,,46
server,client_mutation,completed,1788427215336417,178842683956183202,,,,1788427215334179,1788427215334179,1788427215336417,,,http_data_plane,,,,,2238
server,client_mutation,completed,1788427215836081,178842683956183202,,,,1788427215833910,1788427215833910,1788427215836081,,,http_data_plane,,,,,2171
server,peer_replication_pull_request,sent,1788427215934002,178842683956183202,,,,,,,,,connected_peers=21,,,,,
server,peer_replication_merge_delta,completed,1788427215941412,178842683956183202,,5,,1788427215935310,1788427215941375,1788427215941412,,,"delta_len=48,sent_us=1788427215934759",,,,,37
server,client_mutation,completed,1788427216336049,178842683956183202,,,,1788427216333897,1788427216333897,1788427216336049,,,http_data_plane,,,,,2152
server,client_mutation,completed,1788427216835925,178842683956183202,,,,1788427216833854,1788427216833855,1788427216835925,,,http_data_plane,,,,,2070
server,peer_replication_pull_request,sent,1788427216934678,178842683956183202,,,,,,,,,connected_peers=21,,,,,
server,peer_replication_merge_delta,completed,1788427217003179,178842683956183202,,5,,1788427216997894,1788427217003149,1788427217003179,,,"delta_len=39,sent_us=1788427216993237",,,,,30
server,peer_replication_get_delta,completed,1788427217256475,178842683956183202,178842683849154802,5,,1788427217256421,1788427217256426,1788427217256475,,,"delta_len=118,sent_us=1788427217173347",,,,,49
server,peer_replication_get_delta,completed,1788427217282753,178842683956183202,178842683956181201,5,,1788427217282703,1788427217282707,1788427217282753,,,"delta_len=120,sent_us=1788427217281819",,,,,46
server,client_mutation,completed,1788427217336768,178842683956183202,,,,1788427217334485,1788427217334485,1788427217336768,,,http_data_plane,,,,,2283
server,peer_replication_get_delta,completed,1788427217446241,178842683956183202,178842683849155802,5,,1788427217446183,1788427217446189,1788427217446241,,,"delta_len=106,sent_us=1788427217366482",,,,,52
server,client_mutation,completed,1788427217836312,178842683956183202,,,,1788427217834198,1788427217834198,1788427217836312,,,http_data_plane,,,,,2114
server,peer_replication_pull_request,sent,1788427217934026,178842683956183202,,,,,,,,,connected_peers=21,,,,,
server,peer_replication_merge_delta,completed,1788427217987385,178842683956183202,,5,,1788427217983300,1788427217987371,1788427217987385,,,"delta_len=12,sent_us=1788427217982778",,,,,14
server,client_mutation,completed,1788427218336045,178842683956183202,,,,1788427218333895,1788427218333895,1788427218336045,,,http_data_plane,,,,,2150
server,peer_replication_get_delta,completed,1788427218446179,178842683956183202,178842683849155802,5,,1788427218446135,1788427218446140,1788427218446179,,,"delta_len=14,sent_us=1788427218368196",,,,,39
server,peer_replication_get_delta,completed,1788427218570906,178842683956183202,178842684426433101,5,,1788427218570850,1788427218570856,1788427218570906,,,"delta_len=77,sent_us=1788427218510927",,,,,50
server,membership_directory_read,completed,1788427218597367,178842683956183202,,,,,1788427218554491,1788427218597367,,,poll:46 descriptors,,,,,42876
server,peer_replication_get_delta,completed,1788427218722974,178842683956183202,178842683956185201,5,,1788427218722902,1788427218722906,1788427218722974,,,"delta_len=189,sent_us=1788427218678042",,,,,68
server,client_mutation,completed,1788427218836010,178842683956183202,,,,1788427218833905,1788427218833905,1788427218836010,,,http_data_plane,,,,,2105
server,peer_replication_get_delta,completed,1788427218926145,178842683956183202,178842683849158801,5,,1788427218926096,1788427218926101,1788427218926145,,,"delta_len=73,sent_us=1788427218844310",,,,,44
server,peer_replication_pull_request,sent,1788427218934325,178842683956183202,,,,,,,,,connected_peers=21,,,,,
server,peer_replication_merge_delta,completed,1788427219008502,178842683956183202,,5,,1788427219001247,1788427219008478,1788427219008502,,,"delta_len=35,sent_us=1788427218963000",,,,,24
server,client_mutation,completed,1788427219336208,178842683956183202,,,,1788427219334029,1788427219334029,1788427219336208,,,http_data_plane,,,,,2179
server,client_mutation,completed,1788427219836599,178842683956183202,,,,1788427219834391,1788427219834392,1788427219836599,,,http_data_plane,,,,,2207
server,peer_replication_pull_request,sent,1788427219934539,178842683956183202,,,,,,,,,connected_peers=21,,,,,
server,peer_replication_merge_delta,completed,1788427219944096,178842683956183202,,5,,1788427219935537,1788427219944037,1788427219944096,,,"delta_len=98,sent_us=1788427219935004",,,,,59
server,client_mutation,completed,1788427220336210,178842683956183202,,,,1788427220333952,1788427220333952,1788427220336210,,,http_data_plane,,,,,2258
server,peer_replication_get_delta,completed,1788427220646187,178842683956183202,178842683849156802,5,,1788427220646133,1788427220646138,1788427220646187,,,"delta_len=82,sent_us=1788427220565885",,,,,49
server,client_mutation,completed,1788427220836145,178842683956183202,,,,1788427220833958,1788427220833959,1788427220836145,,,http_data_plane,,,,,2186
server,peer_replication_pull_request,sent,1788427220933935,178842683956183202,,,,,,,,,connected_peers=21,,,,,
server,peer_replication_merge_delta,completed,1788427221010093,178842683956183202,,5,,1788427221006231,1788427221010079,1788427221010093,,,"delta_len=10,sent_us=1788427220969962",,,,,14
server,client_mutation,completed,1788427221336184,178842683956183202,,,,1788427221334038,1788427221334038,1788427221336184,,,http_data_plane,,,,,2146
server,peer_replication_get_delta,completed,1788427221732819,178842683956183202,178842684114091201,5,,1788427221732758,1788427221732763,1788427221732819,,,"delta_len=113,sent_us=1788427221661390",,,,,56
server,client_mutation,completed,1788427221835998,178842683956183202,,,,1788427221833878,1788427221833878,1788427221835998,,,http_data_plane,,,,,2120
server,peer_replication_get_delta,completed,1788427222322822,178842683956183202,178842683956181201,5,,1788427222322779,1788427222322784,1788427222322822,,,"delta_len=15,sent_us=1788427222281920",,,,,38
server,client_mutation,completed,1788427222336474,178842683956183202,,,,1788427222333894,1788427222333894,1788427222336474,,,http_data_plane,,,,,2580
server,peer_replication_get_delta,completed,1788427222380601,178842683956183202,178842684426436101,5,,1788427222380550,1788427222380555,1788427222380601,,,"delta_len=64,sent_us=1788427222323121",,,,,46
server,peer_replication_get_delta,completed,1788427222512845,178842683956183202,178842683956182202,5,,1788427222512801,1788427222512805,1788427222512845,,,"delta_len=23,sent_us=1788427222467021",,,,,40
server,peer_replication_get_delta,completed,1788427222816596,178842683956183202,178842683849157801,5,,1788427222816553,1788427222816558,1788427222816596,,,"delta_len=23,sent_us=1788427222736102",,,,,38
server,client_mutation,completed,1788427222837051,178842683956183202,,,,1788427222834442,1788427222834442,1788427222837051,,,http_data_plane,,,,,2609
server,peer_replication_pull_request,sent,1788427222933937,178842683956183202,,,,,,,,,connected_peers=20,,,,,
server,peer_replication_merge_delta,completed,1788427223018123,178842683956183202,,5,,1788427222994988,1788427223018043,1788427223018123,,,"delta_len=152,sent_us=1788427222964342",,,,,80
server,peer_replication_get_delta,completed,1788427223070596,178842683956183202,178842684426435101,5,,1788427223070534,1788427223070539,1788427223070596,,,"delta_len=122,sent_us=1788427223017785",,,,,57
server,peer_replication_get_delta,completed,1788427223332831,178842683956183202,178842683956181201,5,,1788427223332777,1788427223332783,1788427223332831,,,"delta_len=120,sent_us=1788427223282512",,,,,48
server,client_mutation,completed,1788427223336283,178842683956183202,,,,1788427223334029,1788427223334029,1788427223336283,,,http_data_plane,,,,,2254
server,peer_replication_get_delta,completed,1788427223350754,178842683956183202,178842684426432101,5,,1788427223350688,1788427223350692,1788427223350754,,,"delta_len=177,sent_us=1788427223291001",,,,,62
server,peer_replication_get_delta,completed,1788427223422527,178842683956183202,178842684114090201,5,,1788427223422463,1788427223422469,1788427223422527,,,"delta_len=96,sent_us=1788427223348089",,,,,58
server,membership_directory_read,completed,1788427223598128,178842683956183202,,,,,1788427223553916,1788427223598128,,,poll:46 descriptors,,,,,44212
server,client_mutation,completed,1788427223836566,178842683956183202,,,,1788427223834143,1788427223834144,1788427223836566,,,http_data_plane,,,,,2422
server,peer_replication_pull_request,sent,1788427223934245,178842683956183202,,,,,,,,,connected_peers=20,,,,,
server,peer_replication_merge_delta,completed,1788427224066668,178842683956183202,,5,,1788427224062554,1788427224066649,1788427224066668,,,"delta_len=31,sent_us=1788427224025396",,,,,19
server,client_mutation,completed,1788427224336218,178842683956183202,,,,1788427224333925,1788427224333925,1788427224336218,,,http_data_plane,,,,,2293
server,peer_replication_get_delta,completed,1788427224647359,178842683956183202,178842683849156802,5,,1788427224647299,1788427224647304,1788427224647359,,,"delta_len=139,sent_us=1788427224566818",,,,,55
server,client_mutation,completed,1788427224836222,178842683956183202,,,,1788427224833988,1788427224833988,1788427224836222,,,http_data_plane,,,,,2234
server,peer_replication_pull_request,sent,1788427224934035,178842683956183202,,,,,,,,,connected_peers=20,,,,,
server,peer_replication_merge_delta,completed,1788427225006886,178842683956183202,,5,,1788427224997573,1788427225006840,1788427225006886,,,"delta_len=82,sent_us=1788427224993145",,,,,46
server,peer_replication_get_delta,completed,1788427225294727,178842683956183202,178842684286997601,5,,1788427225294654,1788427225294659,1788427225294727,,,"delta_len=185,sent_us=1788427225223848",,,,,68
server,client_mutation,completed,1788427225336361,178842683956183202,,,,1788427225334116,1788427225334116,1788427225336361,,,http_data_plane,,,,,2245
server,peer_replication_get_delta,completed,1788427225446366,178842683956183202,178842683849155802,5,,1788427225446306,1788427225446313,1788427225446366,,,"delta_len=91,sent_us=1788427225367200",,,,,53
server,peer_replication_get_delta,completed,1788427225816733,178842683956183202,178842683849157801,5,,1788427225816666,1788427225816670,1788427225816733,,,"delta_len=37,sent_us=1788427225735680",,,,,63
server,client_mutation,completed,1788427225836165,178842683956183202,,,,1788427225834005,1788427225834005,1788427225836165,,,http_data_plane,,,,,2160
server,peer_replication_pull_request,sent,1788427225934247,178842683956183202,,,,,,,,,connected_peers=20,,,,,
server,peer_replication_merge_delta,completed,1788427226011058,178842683956183202,,5,,1788427226007313,1788427226011041,1788427226011058,,,"delta_len=16,sent_us=1788427225970075",,,,,17
server,peer_replication_get_delta,completed,1788427226286150,178842683956183202,178842684286997601,5,,1788427226285856,1788427226285861,1788427226286150,,,"delta_len=17,sent_us=1788427226223065",,,,,289
server,client_mutation,completed,1788427226336373,178842683956183202,,,,1788427226334128,1788427226334128,1788427226336373,,,http_data_plane,,,,,2245
server,client_mutation,completed,1788427226836109,178842683956183202,,,,1788427226833848,1788427226833848,1788427226836109,,,http_data_plane,,,,,2261
server,peer_replication_get_delta,completed,1788427226880278,178842683956183202,178842683849158801,5,,1788427226880224,1788427226880228,1788427226880278,,,"delta_len=51,sent_us=1788427226844537",,,,,50
server,peer_replication_pull_request,sent,1788427226934679,178842683956183202,,,,,,,,,connected_peers=20,,,,,
server,peer_replication_merge_delta,completed,1788427227054644,178842683956183202,,5,,1788427227050277,1788427227054622,1788427227054644,,,"delta_len=33,sent_us=1788427227014406",,,,,22
server,client_mutation,completed,1788427227336364,178842683956183202,,,,1788427227334042,1788427227334042,1788427227336364,,,http_data_plane,,,,,2322
server,peer_replication_get_delta,completed,1788427227380505,178842683956183202,178842684426436101,5,,1788427227380460,1788427227380465,1788427227380505,,,"delta_len=15,sent_us=1788427227323183",,,,,40
server,peer_replication_get_delta,completed,1788427227816800,178842683956183202,178842683849157801,5,,1788427227816758,1788427227816762,1788427227816800,,,"delta_len=10,sent_us=1788427227735548",,,,,38
server,client_mutation,completed,1788427227836169,178842683956183202,,,,1788427227833988,1788427227833988,1788427227836169,,,http_data_plane,,,,,2181
server,peer_replication_pull_request,sent,1788427227934033,178842683956183202,,,,,,,,,connected_peers=20,,,,,
server,peer_replication_merge_delta,completed,1788427227958681,178842683956183202,,5,,1788427227950502,1788427227958641,1788427227958681,,,"delta_len=79,sent_us=1788427227946077",,,,,40
server,client_mutation,completed,1788427228336420,178842683956183202,,,,1788427228334158,1788427228334158,1788427228336420,,,http_data_plane,,,,,2262
server,membership_directory_read,completed,1788427228593484,178842683956183202,,,,,1788427228554240,1788427228593484,,,poll:46 descriptors,,,,,39244
server,client_mutation,completed,1788427228835968,178842683956183202,,,,1788427228833854,1788427228833854,1788427228835968,,,http_data_plane,,,,,2114
server,peer_replication_pull_request,sent,1788427228934705,178842683956183202,,,,,,,,,connected_peers=20,,,,,
server,peer_replication_merge_delta,completed,1788427229031049,178842683956183202,,5,,1788427229025529,1788427229031032,1788427229031049,,,"delta_len=24,sent_us=1788427229003549",,,,,17
server,client_mutation,completed,1788427229336052,178842683956183202,,,,1788427229333901,1788427229333901,1788427229336052,,,http_data_plane,,,,,2151
server,peer_replication_get_delta,completed,1788427229386550,178842683956183202,178842683956184202,5,,1788427229386505,1788427229386509,1788427229386550,,,"delta_len=18,sent_us=1788427229385988",,,,,41
server,peer_replication_get_delta,completed,1788427229446780,178842683956183202,178842683849155802,5,,1788427229446729,1788427229446734,1788427229446780,,,"delta_len=42,sent_us=1788427229365963",,,,,46
server,peer_replication_get_delta,completed,1788427229522979,178842683956183202,178842684426433101,5,,1788427229522933,1788427229522937,1788427229522979,,,"delta_len=33,sent_us=1788427229510523",,,,,42
server,client_mutation,completed,1788427229836079,178842683956183202,,,,1788427229833914,1788427229833914,1788427229836079,,,http_data_plane,,,,,2165
server,peer_replication_pull_request,sent,1788427229933941,178842683956183202,,,,,,,,,connected_peers=20,,,,,
server,peer_replication_merge_delta,completed,1788427230034111,178842683956183202,,5,,1788427230027791,1788427230034078,1788427230034111,,,"delta_len=49,sent_us=1788427230015589",,,,,33
server,client_mutation,completed,1788427230335979,178842683956183202,,,,1788427230333865,1788427230333865,1788427230335979,,,http_data_plane,,,,,2114
server,client_mutation,completed,1788427230836015,178842683956183202,,,,1788427230833823,1788427230833823,1788427230836015,,,http_data_plane,,,,,2192
server,peer_replication_pull_request,sent,1788427230934001,178842683956183202,,,,,,,,,connected_peers=20,,,,,
server,peer_replication_merge_delta,completed,1788427230989881,178842683956183202,,5,,1788427230982611,1788427230989846,1788427230989881,,,"delta_len=44,sent_us=1788427230970143",,,,,35
server,peer_replication_get_delta,completed,1788427231210535,178842683956183202,178842683849154802,5,,1788427231210485,1788427231210490,1788427231210535,,,"delta_len=40,sent_us=1788427231173904",,,,,45
server,client_mutation,completed,1788427231336023,178842683956183202,,,,1788427231333886,1788427231333886,1788427231336023,,,http_data_plane,,,,,2137
server,client_mutation,completed,1788427231836252,178842683956183202,,,,1788427231833930,1788427231833931,1788427231836252,,,http_data_plane,,,,,2321
server,peer_replication_pull_request,sent,1788427231933978,178842683956183202,,,,,,,,,connected_peers=20,,,,,
server,peer_replication_merge_delta,completed,1788427232024553,178842683956183202,,5,,1788427232015833,1788427232024508,1788427232024553,,,"delta_len=93,sent_us=1788427232005381",,,,,45
server,client_mutation,completed,1788427232336602,178842683956183202,,,,1788427232334449,1788427232334449,1788427232336602,,,http_data_plane,,,,,2153
server,client_mutation,completed,1788427232835964,178842683956183202,,,,1788427232833848,1788427232833849,1788427232835964,,,http_data_plane,,,,,2115
server,peer_replication_get_delta,completed,1788427232926162,178842683956183202,178842683849158801,5,,1788427232926109,1788427232926113,1788427232926162,,,"delta_len=67,sent_us=1788427232845574",,,,,49
server,peer_replication_pull_request,sent,1788427232934356,178842683956183202,,,,,,,,,connected_peers=20,,,,,
server,peer_replication_merge_delta,completed,1788427233011141,178842683956183202,,5,,1788427233007879,1788427233011124,1788427233011141,,,"delta_len=14,sent_us=1788427232971791",,,,,17
server,client_mutation,completed,1788427233335995,178842683956183202,,,,1788427233333900,1788427233333900,1788427233335995,,,http_data_plane,,,,,2095
server,membership_directory_read,completed,1788427233598852,178842683956183202,,,,,1788427233554675,1788427233598852,,,poll:46 descriptors,,,,,44177
server,client_mutation,completed,1788427233836083,178842683956183202,,,,1788427233833906,1788427233833906,1788427233836083,,,http_data_plane,,,,,2177
server,peer_replication_pull_request,sent,1788427233933801,178842683956183202,,,,,,,,,connected_peers=20,,,,,
server,peer_replication_merge_delta,completed,1788427233939652,178842683956183202,,5,,1788427233934893,1788427233939569,1788427233939652,,,"delta_len=21,sent_us=1788427233934292",,,,,83
server,client_mutation,completed,1788427234336115,178842683956183202,,,,1788427234334016,1788427234334016,1788427234336115,,,http_data_plane,,,,,2099
server,peer_replication_get_delta,completed,1788427234360630,178842683956183202,178842684426432101,5,,1788427234360575,1788427234360579,1788427234360630,,,"delta_len=112,sent_us=1788427234291028",,,,,51
server,peer_replication_get_delta,completed,1788427234732874,178842683956183202,178842684114091201,5,,1788427234732818,1788427234732824,1788427234732874,,,"delta_len=31,sent_us=1788427234661253",,,,,50
server,client_mutation,completed,1788427234836235,178842683956183202,,,,1788427234834061,1788427234834061,1788427234836235,,,http_data_plane,,,,,2174
server,peer_replication_pull_request,sent,1788427234934003,178842683956183202,,,,,,,,,connected_peers=20,,,,,
server,peer_replication_merge_delta,completed,1788427234989156,178842683956183202,,5,,1788427234982049,1788427234989106,1788427234989156,,,"delta_len=83,sent_us=1788427234969704",,,,,50
server,peer_replication_get_delta,completed,1788427235080616,178842683956183202,178842684426435101,5,,1788427235080568,1788427235080573,1788427235080616,,,"delta_len=28,sent_us=1788427235018089",,,,,43
server,client_mutation,completed,1788427235336088,178842683956183202,,,,1788427235333916,1788427235333916,1788427235336088,,,http_data_plane,,,,,2172
server,client_mutation,completed,1788427235836246,178842683956183202,,,,1788427235834032,1788427235834032,1788427235836246,,,http_data_plane,,,,,2214
server,peer_replication_pull_request,sent,1788427235933987,178842683956183202,,,,,,,,,connected_peers=20,,,,,
server,peer_replication_merge_delta,completed,1788427235941452,178842683956183202,,5,,1788427235935503,1788427235941424,1788427235941452,,,"delta_len=47,sent_us=1788427235934736",,,,,28
server,client_mutation,completed,1788427236336207,178842683956183202,,,,1788427236333950,1788427236333951,1788427236336207,,,http_data_plane,,,,,2256
server,client_mutation,completed,1788427236836135,178842683956183202,,,,1788427236833913,1788427236833913,1788427236836135,,,http_data_plane,,,,,2222
server,peer_replication_pull_request,sent,1788427236933878,178842683956183202,,,,,,,,,connected_peers=20,,,,,
server,peer_replication_merge_delta,completed,1788427236955750,178842683956183202,,5,,1788427236950408,1788427236955720,1788427236955750,,,"delta_len=49,sent_us=1788427236945964",,,,,30
server,peer_replication_get_delta,completed,1788427237282735,178842683956183202,178842683956181201,5,,1788427237282676,1788427237282680,1788427237282735,,,"delta_len=36,sent_us=1788427237282090",,,,,55
server,client_mutation,completed,1788427237336232,178842683956183202,,,,1788427237334093,1788427237334093,1788427237336232,,,http_data_plane,,,,,2139
server,peer_replication_get_delta,completed,1788427237817247,178842683956183202,178842684426434101,5,,1788427237817203,1788427237817208,1788427237817247,,,"delta_len=7,sent_us=1788427237804791",,,,,39
server,client_mutation,completed,1788427237836637,178842683956183202,,,,1788427237834264,1788427237834265,1788427237836637,,,http_data_plane,,,,,2372
server,peer_replication_pull_request,sent,1788427237934610,178842683956183202,,,,,,,,,connected_peers=20,,,,,
server,peer_replication_merge_delta,completed,1788427237956252,178842683956183202,,5,,1788427237951096,1788427237956226,1788427237956252,,,"delta_len=43,sent_us=1788427237946752",,,,,26
server,peer_replication_get_delta,completed,1788427238332813,178842683956183202,178842683956181201,5,,1788427238332769,1788427238332774,1788427238332813,,,"delta_len=31,sent_us=1788427238282301",,,,,39
server,client_mutation,completed,1788427238336286,178842683956183202,,,,1788427238334107,1788427238334107,1788427238336286,,,http_data_plane,,,,,2179
server,membership_directory_read,completed,1788427238602729,178842683956183202,,,,,1788427238554164,1788427238602729,,,poll:46 descriptors,,,,,48565
server,client_mutation,completed,1788427238836883,178842683956183202,,,,1788427238834176,1788427238834177,1788427238836883,,,http_data_plane,,,,,2706
server,peer_replication_pull_request,sent,1788427238933949,178842683956183202,,,,,,,,,connected_peers=20,,,,,
server,peer_replication_merge_delta,completed,1788427239010698,178842683956183202,,5,,1788427239005627,1788427239010676,1788427239010698,,,"delta_len=27,sent_us=1788427238993164",,,,,22
server,client_mutation,completed,1788427239336519,178842683956183202,,,,1788427239334083,1788427239334083,1788427239336519,,,http_data_plane,,,,,2436
server,peer_replication_get_delta,completed,1788427239432248,178842683956183202,178842684114090201,5,,1788427239432188,1788427239432193,1788427239432248,,,"delta_len=69,sent_us=1788427239348091",,,,,55
server,peer_replication_get_delta,completed,1788427239679036,178842683956183202,178842683956185201,5,,1788427239678976,1788427239678982,1788427239679036,,,"delta_len=71,sent_us=1788427239678485",,,,,54
server,client_mutation,completed,1788427239836159,178842683956183202,,,,1788427239833941,1788427239833941,1788427239836159,,,http_data_plane,,,,,2218
server,peer_replication_get_delta,completed,1788427239926282,178842683956183202,178842683849158801,5,,1788427239926228,1788427239926233,1788427239926282,,,"delta_len=83,sent_us=1788427239844610",,,,,49
server,peer_replication_pull_request,sent,1788427239934480,178842683956183202,,,,,,,,,connected_peers=20,,,,,
server,peer_replication_merge_delta,completed,1788427240007477,178842683956183202,,5,,1788427239997830,1788427240007438,1788427240007477,,,"delta_len=79,sent_us=1788427239993164",,,,,39
server,peer_replication_get_delta,completed,1788427240256688,178842683956183202,178842683849154802,5,,1788427240256640,1788427240256643,1788427240256688,,,"delta_len=87,sent_us=1788427240173572",,,,,45
server,client_mutation,completed,1788427240336330,178842683956183202,,,,1788427240334063,1788427240334063,1788427240336330,,,http_data_plane,,,,,2267
server,peer_replication_get_delta,completed,1788427240601812,178842683956183202,178842683849156802,5,,1788427240601678,1788427240601683,1788427240601812,,,"delta_len=77,sent_us=1788427240565882",,,,,129
server,peer_replication_get_delta,completed,1788427240732754,178842683956183202,178842683956185201,5,,1788427240732699,1788427240732704,1788427240732754,,,"delta_len=64,sent_us=1788427240678019",,,,,50
server,client_mutation,completed,1788427240837891,178842683956183202,,,,1788427240834321,1788427240834321,1788427240837891,,,http_data_plane,,,,,3570
server,peer_replication_get_delta,completed,1788427240926660,178842683956183202,178842683849158801,5,,1788427240926608,1788427240926613,1788427240926660,,,"delta_len=54,sent_us=1788427240844377",,,,,47
server,peer_replication_pull_request,sent,1788427240933911,178842683956183202,,,,,,,,,connected_peers=20,,,,,
server,peer_replication_merge_delta,completed,1788427241056312,178842683956183202,,5,,1788427241052226,1788427241056292,1788427241056312,,,"delta_len=23,sent_us=1788427241015843",,,,,20
server,client_mutation,completed,1788427241340885,178842683956183202,,,,1788427241335998,1788427241335998,1788427241340885,,,http_data_plane,,,,,4887
server,peer_replication_get_delta,completed,1788427241467749,178842683956183202,178842683956182202,5,,1788427241467565,1788427241467570,1788427241467749,,,"delta_len=25,sent_us=1788427241466718",,,,,179
server,client_mutation,completed,1788427241836334,178842683956183202,,,,1788427241833968,1788427241833968,1788427241836334,,,http_data_plane,,,,,2366
server,peer_replication_pull_request,sent,1788427241934160,178842683956183202,,,,,,,,,connected_peers=20,,,,,
server,peer_replication_merge_delta,completed,1788427242036770,178842683956183202,,5,,1788427242029433,1788427242036494,1788427242036770,,,"delta_len=60,sent_us=1788427242015736",,,,,276
server,client_mutation,completed,1788427242347027,178842683956183202,,,,1788427242340382,1788427242340382,1788427242347027,,,http_data_plane,,,,,6645
server,peer_replication_get_delta,completed,1788427242380612,178842683956183202,178842684426436101,5,,1788427242380567,1788427242380571,1788427242380612,,,"delta_len=34,sent_us=1788427242323130",,,,,41
server,client_mutation,completed,1788427242836055,178842683956183202,,,,1788427242833911,1788427242833911,1788427242836055,,,http_data_plane,,,,,2144
server,peer_replication_pull_request,sent,1788427242933903,178842683956183202,,,,,,,,,connected_peers=20,,,,,
server,peer_replication_merge_delta,completed,1788427243022750,178842683956183202,,5,,1788427243015459,1788427243022712,1788427243022750,,,"delta_len=73,sent_us=1788427243005140",,,,,38
server,client_mutation,completed,1788427243336210,178842683956183202,,,,1788427243333998,1788427243333999,1788427243336210,,,http_data_plane,,,,,2211
server,membership_directory_read,completed,1788427243593631,178842683956183202,,,,,1788427243554063,1788427243593631,,,poll:46 descriptors,,,,,39568
server,peer_replication_get_delta,completed,1788427243772940,178842683956183202,178842683849157801,5,,1788427243772887,1788427243772891,1788427243772940,,,"delta_len=80,sent_us=1788427243736221",,,,,49
server,client_mutation,completed,1788427243837013,178842683956183202,,,,1788427243834455,1788427243834455,1788427243837013,,,http_data_plane,,,,,2558
server,peer_replication_pull_request,sent,1788427243934443,178842683956183202,,,,,,,,,connected_peers=20,,,,,
server,peer_replication_merge_delta,completed,1788427243957421,178842683956183202,,5,,1788427243950987,1788427243957379,1788427243957421,,,"delta_len=59,sent_us=1788427243946611",,,,,42
server,peer_replication_get_delta,completed,1788427244332990,178842683956183202,178842683956181201,5,,1788427244332913,1788427244332919,1788427244332990,,,"delta_len=151,sent_us=1788427244282233",,,,,71
server,client_mutation,completed,1788427244336362,178842683956183202,,,,1788427244334119,1788427244334119,1788427244336362,,,http_data_plane,,,,,2243
server,client_mutation,completed,1788427244836307,178842683956183202,,,,1788427244833860,1788427244833861,1788427244836307,,,http_data_plane,,,,,2446
server,peer_replication_pull_request,sent,1788427244934575,178842683956183202,,,,,,,,,connected_peers=20,,,,,
server,peer_replication_merge_delta,completed,1788427245036836,178842683956183202,,5,,1788427245029626,1788427245036801,1788427245036836,,,"delta_len=51,sent_us=1788427245015923",,,,,35
server,client_mutation,completed,1788427245336257,178842683956183202,,,,1788427245333996,1788427245333996,1788427245336257,,,http_data_plane,,,,,2261
server,peer_replication_get_delta,completed,1788427245570622,178842683956183202,178842684426433101,5,,1788427245570563,1788427245570569,1788427245570622,,,"delta_len=116,sent_us=1788427245510947",,,,,53
server,client_mutation,completed,1788427245836595,178842683956183202,,,,1788427245834369,1788427245834369,1788427245836595,,,http_data_plane,,,,,2226
server,peer_replication_pull_request,sent,1788427245934349,178842683956183202,,,,,,,,,connected_peers=20,,,,,
server,peer_replication_merge_delta,completed,1788427246022137,178842683956183202,,5,,1788427246015449,1788427246022110,1788427246022137,,,"delta_len=44,sent_us=1788427246004876",,,,,27
server,client_mutation,completed,1788427246336224,178842683956183202,,,,1788427246333930,1788427246333930,1788427246336224,,,http_data_plane,,,,,2294
server,peer_replication_get_delta,completed,1788427246350600,178842683956183202,178842684426432101,5,,1788427246350533,1788427246350537,1788427246350600,,,"delta_len=139,sent_us=1788427246290700",,,,,63
server,peer_replication_get_delta,completed,1788427246432958,178842683956183202,178842683956184202,5,,1788427246432907,1788427246432911,1788427246432958,,,"delta_len=36,sent_us=1788427246386118",,,,,47
server,client_mutation,completed,1788427246836251,178842683956183202,,,,1788427246834024,1788427246834024,1788427246836251,,,http_data_plane,,,,,2227
server,peer_replication_pull_request,sent,1788427246933979,178842683956183202,,,,,,,,,connected_peers=20,,,,,
server,client_mutation,completed,1788427247336336,178842683956183202,,,,1788427247334050,1788427247334051,1788427247336336,,,http_data_plane,,,,,2285
server,peer_replication_get_delta,completed,1788427247442768,178842683956183202,178842683956184202,5,,1788427247442717,1788427247442723,1788427247442768,,,"delta_len=2,sent_us=1788427247385564",,,,,45
server,client_mutation,completed,1788427247835982,178842683956183202,,,,1788427247833890,1788427247833890,1788427247835982,,,http_data_plane,,,,,2092
server,peer_replication_pull_request,sent,1788427247934662,178842683956183202,,,,,,,,,connected_peers=20,,,,,
server,peer_replication_merge_delta,completed,1788427247943467,178842683956183202,,5,,1788427247935729,1788427247943417,1788427247943467,,,"delta_len=90,sent_us=1788427247935130",,,,,50
server,client_mutation,completed,1788427248336062,178842683956183202,,,,1788427248333887,1788427248333887,1788427248336062,,,http_data_plane,,,,,2175
server,membership_directory_read,completed,1788427248598544,178842683956183202,,,,,1788427248554013,1788427248598544,,,poll:46 descriptors,,,,,44531
server,peer_replication_get_delta,completed,1788427248722805,178842683956183202,178842683956185201,5,,1788427248722752,1788427248722757,1788427248722805,,,"delta_len=80,sent_us=1788427248677941",,,,,48
server,client_mutation,completed,1788427248836165,178842683956183202,,,,1788427248833892,1788427248833892,1788427248836165,,,http_data_plane,,,,,2273
server,peer_replication_pull_request,sent,1788427248933911,178842683956183202,,,,,,,,,connected_peers=20,,,,,
server,peer_replication_merge_delta,completed,1788427248955498,178842683956183202,,5,,1788427248950298,1788427248955467,1788427248955498,,,"delta_len=49,sent_us=1788427248945926",,,,,31
server,client_mutation,completed,1788427249336019,178842683956183202,,,,1788427249333896,1788427249333896,1788427249336019,,,http_data_plane,,,,,2123
server,peer_replication_get_delta,completed,1788427249432384,178842683956183202,178842684114090201,5,,1788427249432174,1788427249432179,1788427249432384,,,"delta_len=154,sent_us=1788427249348181",,,,,205
server,client_mutation,completed,1788427249836085,178842683956183202,,,,1788427249833883,1788427249833883,1788427249836085,,,http_data_plane,,,,,2202
server,peer_replication_pull_request,sent,1788427249933861,178842683956183202,,,,,,,,,connected_peers=20,,,,,
server,peer_replication_merge_delta,completed,1788427249940616,178842683956183202,,5,,1788427249935079,1788427249940585,1788427249940616,,,"delta_len=48,sent_us=1788427249934470",,,,,31
server,client_mutation,completed,1788427250336095,178842683956183202,,,,1788427250333906,1788427250333906,1788427250336095,,,http_data_plane,,,,,2189
server,client_mutation,completed,1788427250836138,178842683956183202,,,,1788427250833822,1788427250833822,1788427250836138,,,http_data_plane,,,,,2316
server,peer_replication_pull_request,sent,1788427250933949,178842683956183202,,,,,,,,,connected_peers=20,,,,,
server,peer_replication_merge_delta,completed,1788427250964602,178842683956183202,,5,,1788427250959041,1788427250964415,1788427250964602,,,"delta_len=56,sent_us=1788427250952909",,,,,187
server,client_mutation,completed,1788427251336551,178842683956183202,,,,1788427251334425,1788427251334425,1788427251336551,,,http_data_plane,,,,,2126
server,peer_replication_get_delta,completed,1788427251402015,178842683956183202,178842683849155802,5,,1788427251401961,1788427251401966,1788427251402015,,,"delta_len=68,sent_us=1788427251366249",,,,,49
server,peer_replication_get_delta,completed,1788427251422222,178842683956183202,178842684114090201,5,,1788427251422165,1788427251422170,1788427251422222,,,"delta_len=70,sent_us=1788427251348404",,,,,52
server,client_mutation,completed,1788427251836489,178842683956183202,,,,1788427251833926,1788427251833926,1788427251836489,,,http_data_plane,,,,,2563
server,peer_replication_pull_request,sent,1788427251934241,178842683956183202,,,,,,,,,connected_peers=20,,,,,
server,peer_replication_merge_delta,completed,1788427252003413,178842683956183202,,5,,1788427251997613,1788427252003375,1788427252003413,,,"delta_len=51,sent_us=1788427251993199",,,,,38
server,client_mutation,completed,1788427252336424,178842683956183202,,,,1788427252334092,1788427252334092,1788427252336424,,,http_data_plane,,,,,2332
server,peer_replication_get_delta,completed,1788427252422295,178842683956183202,178842684114090201,5,,1788427252422245,1788427252422251,1788427252422295,,,"delta_len=53,sent_us=1788427252348216",,,,,44
server,peer_replication_get_delta,completed,1788427252570616,178842683956183202,178842684426433101,5,,1788427252570562,1788427252570567,1788427252570616,,,"delta_len=42,sent_us=1788427252510674",,,,,49
server,peer_replication_get_delta,completed,1788427252732575,178842683956183202,178842684114091201,5,,1788427252732523,1788427252732528,1788427252732575,,,"delta_len=53,sent_us=1788427252660761",,,,,47
server,client_mutation,completed,1788427252836106,178842683956183202,,,,1788427252833918,1788427252833918,1788427252836106,,,http_data_plane,,,,,2188
server,peer_replication_pull_request,sent,1788427252933960,178842683956183202,,,,,,,,,connected_peers=20,,,,,
server,peer_replication_merge_delta,completed,1788427252961708,178842683956183202,,5,,1788427252958373,1788427252961691,1788427252961708,,,"delta_len=18,sent_us=1788427252945977",,,,,17
server,peer_replication_get_delta,completed,1788427253027696,178842683956183202,178842684286996601,5,,1788427253027652,1788427253027655,1788427253027696,,,"delta_len=21,sent_us=1788427253008783",,,,,41
server,client_mutation,completed,1788427253336081,178842683956183202,,,,1788427253333887,1788427253333887,1788427253336081,,,http_data_plane,,,,,2194
server,membership_directory_read,completed,1788427253598024,178842683956183202,,,,,1788427253553928,1788427253598024,,,poll:46 descriptors,,,,,44096
server,client_mutation,completed,1788427253836043,178842683956183202,,,,1788427253833875,1788427253833875,1788427253836043,,,http_data_plane,,,,,2168
server,peer_replication_pull_request,sent,1788427253934245,178842683956183202,,,,,,,,,connected_peers=20,,,,,
server,peer_replication_merge_delta,completed,1788427254006964,178842683956183202,,5,,1788427253997917,1788427254006903,1788427254006964,,,"delta_len=101,sent_us=1788427253993240",,,,,61
server,client_mutation,completed,1788427254336035,178842683956183202,,,,1788427254333877,1788427254333878,1788427254336035,,,http_data_plane,,,,,2157
server,peer_replication_get_delta,completed,1788427254732563,178842683956183202,178842684114091201,5,,1788427254732514,1788427254732519,1788427254732563,,,"delta_len=57,sent_us=1788427254661450",,,,,44
server,client_mutation,completed,1788427254835967,178842683956183202,,,,1788427254833840,1788427254833841,1788427254835967,,,http_data_plane,,,,,2126
server,peer_replication_pull_request,sent,1788427254934684,178842683956183202,,,,,,,,,connected_peers=20,,,,,
server,peer_replication_get_delta,completed,1788427255282638,178842683956183202,178842683956181201,5,,1788427255282585,1788427255282589,1788427255282638,,,"delta_len=20,sent_us=1788427255282140",,,,,49
server,client_mutation,completed,1788427255336050,178842683956183202,,,,1788427255333869,1788427255333869,1788427255336050,,,http_data_plane,,,,,2181
server,peer_replication_get_delta,completed,1788427255422232,178842683956183202,178842684114090201,5,,1788427255422177,1788427255422181,1788427255422232,,,"delta_len=79,sent_us=1788427255348175",,,,,51
server,peer_replication_get_delta,completed,1788427255646235,178842683956183202,178842683849156802,5,,1788427255646171,1788427255646175,1788427255646235,,,"delta_len=24,sent_us=1788427255566190",,,,,60
server,peer_replication_get_delta,completed,1788427255816579,178842683956183202,178842683849157801,5,,1788427255816523,1788427255816526,1788427255816579,,,"delta_len=103,sent_us=1788427255736242",,,,,53
server,client_mutation,completed,1788427255836066,178842683956183202,,,,1788427255833896,1788427255833896,1788427255836066,,,http_data_plane,,,,,2170
server,peer_replication_pull_request,sent,1788427255934736,178842683956183202,,,,,,,,,connected_peers=20,,,,,
server,peer_replication_merge_delta,completed,1788427255977108,178842683956183202,,5,,1788427255972565,1788427255977083,1788427255977108,,,"delta_len=33,sent_us=1788427255953949",,,,,25
server,client_mutation,completed,1788427256336277,178842683956183202,,,,1788427256334096,1788427256334096,1788427256336277,,,http_data_plane,,,,,2181
server,peer_replication_get_delta,completed,1788427256350545,178842683956183202,178842684426432101,5,,1788427256350498,1788427256350503,1788427256350545,,,"delta_len=33,sent_us=1788427256290969",,,,,42
server,client_mutation,completed,1788427256836133,178842683956183202,,,,1788427256833860,1788427256833860,1788427256836133,,,http_data_plane,,,,,2273
server,peer_replication_pull_request,sent,1788427256933894,178842683956183202,,,,,,,,,connected_peers=20,,,,,
server,peer_replication_merge_delta,completed,1788427257036555,178842683956183202,,5,,1788427257026934,1788427257036514,1788427257036555,,,"delta_len=61,sent_us=1788427257014499",,,,,41
server,peer_replication_get_delta,completed,1788427257036670,178842683956183202,178842684426435101,5,,1788427257036605,1788427257036608,1788427257036670,,,"delta_len=83,sent_us=1788427257017772",,,,,62
server,client_mutation,completed,1788427257336492,178842683956183202,,,,1788427257333936,1788427257333936,1788427257336492,,,http_data_plane,,,,,2556
server,client_mutation,completed,1788427257836046,178842683956183202,,,,1788427257833915,1788427257833916,1788427257836046,,,http_data_plane,,,,,2130
server,peer_replication_pull_request,sent,1788427257934121,178842683956183202,,,,,,,,,connected_peers=20,,,,,
server,peer_replication_merge_delta,completed,1788427258029422,178842683956183202,,5,,1788427258021833,1788427258029400,1788427258029422,,,"delta_len=28,sent_us=1788427258001586",,,,,22
server,peer_replication_get_delta,completed,1788427258029507,178842683956183202,178842684286996601,5,,1788427258029470,1788427258029471,1788427258029507,,,"delta_len=43,sent_us=1788427258008064",,,,,36
server,peer_replication_get_delta,completed,1788427258241352,178842683956183202,178842684286997601,5,,1788427258241301,1788427258241306,1788427258241352,,,"delta_len=49,sent_us=1788427258223288",,,,,46
server,client_mutation,completed,1788427258336295,178842683956183202,,,,1788427258334072,1788427258334072,1788427258336295,,,http_data_plane,,,,,2223
server,peer_replication_connection,established,1788427258582811,178842683956183202,178842684114092202,,,,,,,,,,,,,
server,membership_directory_read,completed,1788427258597580,178842683956183202,,,,,1788427258554025,1788427258597580,,,poll:38 descriptors,,,,,43555
server,peer_replication_get_delta,completed,1788427258649490,178842683956183202,178842683849156802,5,,1788427258649441,1788427258649447,1788427258649490,,,"delta_len=40,sent_us=1788427258568424",,,,,43
server,peer_replication_get_delta,completed,1788427258662168,178842683956183202,178842684114090201,5,,1788427258662106,1788427258662110,1788427258662168,,,"delta_len=128,sent_us=1788427258584435",,,,,58
server,client_mutation,completed,1788427258836498,178842683956183202,,,,1788427258834200,1788427258834200,1788427258836498,,,http_data_plane,,,,,2298
server,peer_replication_pull_request,sent,1788427258934239,178842683956183202,,,,,,,,,connected_peers=21,,,,,
server,peer_replication_merge_delta,completed,1788427259037963,178842683956183202,,5,,1788427259028710,1788427259037914,1788427259037963,,,"delta_len=77,sent_us=1788427259016004",,,,,49
server,peer_replication_connection,established,1788427259149921,178842683956183202,178842684114093202,,,,,,,,,,,,,
server,client_mutation,completed,1788427259336344,178842683956183202,,,,1788427259333908,1788427259333908,1788427259336344,,,http_data_plane,,,,,2436
server,peer_replication_connection,established,1788427259615389,178842683956183202,178842684114094202,,,,,,,,,,,,,
server,client_mutation,completed,1788427259836120,178842683956183202,,,,1788427259833937,1788427259833937,1788427259836120,,,http_data_plane,,,,,2183
server,peer_replication_get_delta,completed,1788427259860599,178842683956183202,178842684426434101,5,,1788427259860545,1788427259860552,1788427259860599,,,"delta_len=32,sent_us=1788427259804804",,,,,47
server,peer_replication_pull_request,sent,1788427259934000,178842683956183202,,,,,,,,,connected_peers=23,,,,,
server,peer_replication_merge_delta,completed,1788427260011203,178842683956183202,,5,,1788427260006032,1788427260011180,1788427260011203,,,"delta_len=29,sent_us=1788427259969853",,,,,23
server,peer_replication_get_delta,completed,1788427260085049,178842683956183202,178842684286996601,5,,1788427260084992,1788427260084999,1788427260085049,,,"delta_len=41,sent_us=1788427260014458",,,,,50
server,client_mutation,completed,1788427260336064,178842683956183202,,,,1788427260333927,1788427260333927,1788427260336064,,,http_data_plane,,,,,2137
server,client_mutation,completed,1788427260836674,178842683956183202,,,,1788427260834232,1788427260834232,1788427260836674,,,http_data_plane,,,,,2442
server,peer_replication_pull_request,sent,1788427260934395,178842683956183202,,,,,,,,,connected_peers=23,,,,,
server,peer_replication_merge_delta,completed,1788427261044606,178842683956183202,,5,,1788427261037854,1788427261044572,1788427261044606,,,"delta_len=45,sent_us=1788427261025268",,,,,34
server,peer_replication_get_delta,completed,1788427261192507,178842683956183202,178842684114093202,5,,1788427261192437,1788427261192442,1788427261192507,,,"delta_len=205,sent_us=1788427261120363",,,,,65
server,client_mutation,completed,1788427261336919,178842683956183202,,,,1788427261334347,1788427261334347,1788427261336919,,,http_data_plane,,,,,2572
server,client_mutation,completed,1788427261836838,178842683956183202,,,,1788427261834387,1788427261834387,1788427261836838,,,http_data_plane,,,,,2451
server,peer_replication_pull_request,sent,1788427261934599,178842683956183202,,,,,,,,,connected_peers=23,,,,,
server,gc_observed,start,1788427262056339,178842683956183202,,6,,,,,,,,,,,,
server,gc_observed,completed,1788427262097712,178842683956183202,,6,,,,,,,,,,,,
server,peer_replication_merge_delta,completed,1788427262106684,178842683956183202,,6,,1788427262056337,1788427262106601,1788427262106684,,,"delta_len=108,sent_us=1788427262016426",,,,,83
server,client_mutation,completed,1788427262336525,178842683956183202,,,,1788427262333905,1788427262333905,1788427262336525,,,http_data_plane,,,,,2620
server,peer_replication_get_delta,completed,1788427262380837,178842683956183202,178842684426436101,6,,1788427262380777,1788427262380782,1788427262380837,,,"delta_len=46,sent_us=1788427262323477",,,,,55
server,peer_replication_get_delta,completed,1788427262422271,178842683956183202,178842684114090201,6,,1788427262422193,1788427262422196,1788427262422271,,,"delta_len=144,sent_us=1788427262347727",,,,,75
server,peer_replication_get_delta,completed,1788427262722787,178842683956183202,178842683956185201,6,,1788427262722713,1788427262722718,1788427262722787,,,"delta_len=264,sent_us=1788427262678044",,,,,69
server,client_mutation,completed,1788427262836065,178842683956183202,,,,1788427262833878,1788427262833881,1788427262836065,,,http_data_plane,,,,,2184
server,peer_replication_pull_request,sent,1788427262933872,178842683956183202,,,,,,,,,connected_peers=23,,,,,
server,peer_replication_merge_delta,completed,1788427263054620,178842683956183202,,6,,1788427263050467,1788427263054592,1788427263054620,,,"delta_len=29,sent_us=1788427263014255",,,,,28
server,peer_replication_get_delta,completed,1788427263080554,178842683956183202,178842684426435101,6,,1788427263080486,1788427263080490,1788427263080554,,,"delta_len=96,sent_us=1788427263018059",,,,,64
server,client_mutation,completed,1788427263336198,178842683956183202,,,,1788427263334017,1788427263334017,1788427263336198,,,http_data_plane,,,,,2181
server,membership_directory_read,completed,1788427263597932,178842683956183202,,,,,1788427263554070,1788427263597932,,,poll:41 descriptors,,,,,43862
server,client_mutation,completed,1788427263836024,178842683956183202,,,,1788427263833857,1788427263833857,1788427263836024,,,http_data_plane,,,,,2167
server,peer_replication_pull_request,sent,1788427263934117,178842683956183202,,,,,,,,,connected_peers=23,,,,,
server,peer_replication_merge_delta,completed,1788427263979934,178842683956183202,,6,,1788427263974407,1788427263979888,1788427263979934,,,"delta_len=40,sent_us=1788427263963934",,,,,46
server,peer_replication_get_delta,completed,1788427264080680,178842683956183202,178842684426435101,6,,1788427264080621,1788427264080632,1788427264080680,,,"delta_len=33,sent_us=1788427264018097",,,,,48
server,client_mutation,completed,1788427264336695,178842683956183202,,,,1788427264334017,1788427264334017,1788427264336695,,,http_data_plane,,,,,2678
server,peer_replication_get_delta,completed,1788427264602113,178842683956183202,178842683849156802,6,,1788427264602063,1788427264602067,1788427264602113,,,"delta_len=27,sent_us=1788427264565839",,,,,46
server,client_mutation,completed,1788427264836244,178842683956183202,,,,1788427264833940,1788427264833940,1788427264836244,,,http_data_plane,,,,,2304
server,peer_replication_pull_request,sent,1788427264933984,178842683956183202,,,,,,,,,connected_peers=23,,,,,
server,client_mutation,completed,1788427265335979,178842683956183202,,,,1788427265333880,1788427265333880,1788427265335979,,,http_data_plane,,,,,2099
server,client_mutation,completed,1788427265839417,178842683956183202,,,,1788427265834170,1788427265834170,1788427265839417,,,http_data_plane,,,,,5247
server,peer_replication_pull_request,sent,1788427265934344,178842683956183202,,,,,,,,,connected_peers=23,,,,,
server,peer_replication_merge_delta,completed,1788427265955818,178842683956183202,,6,,1788427265950635,1788427265955784,1788427265955818,,,"delta_len=43,sent_us=1788427265946283",,,,,34
server,client_mutation,completed,1788427266336211,178842683956183202,,,,1788427266333841,1788427266333841,1788427266336211,,,http_data_plane,,,,,2370
server,peer_replication_get_delta,completed,1788427266422221,178842683956183202,178842684114090201,6,,1788427266422169,1788427266422174,1788427266422221,,,"delta_len=51,sent_us=1788427266348395",,,,,47
server,client_mutation,completed,1788427266836004,178842683956183202,,,,1788427266833877,1788427266833877,1788427266836004,,,http_data_plane,,,,,2127
server,peer_replication_get_delta,completed,1788427266860596,178842683956183202,178842684426434101,6,,1788427266860533,1788427266860538,1788427266860596,,,"delta_len=40,sent_us=1788427266804756",,,,,58
server,peer_replication_pull_request,sent,1788427266933901,178842683956183202,,,,,,,,,connected_peers=23,,,,,
server,peer_replication_merge_delta,completed,1788427267116465,178842683956183202,,6,,1788427267046572,1788427267115626,1788427267116465,,,"delta_len=1157,sent_us=1788427267001664",,,,,839
server,client_mutation,completed,1788427267336312,178842683956183202,,,,1788427267333993,1788427267333993,1788427267336312,,,http_data_plane,,,,,2319
server,peer_replication_get_delta,completed,1788427267422436,178842683956183202,178842684114090201,6,,1788427267422213,1788427267422218,1788427267422436,,,"delta_len=1135,sent_us=1788427267347811",,,,,218
server,client_mutation,completed,1788427267843014,178842683956183202,,,,1788427267834193,1788427267834194,1788427267843014,,,http_data_plane,,,,,8820
server,peer_replication_get_delta,completed,1788427267860846,178842683956183202,178842684426434101,6,,1788427267860788,1788427267860793,1788427267860846,,,"delta_len=28,sent_us=1788427267805607",,,,,53
server,client_mutation,completed,1788427268336070,178842683956183202,,,,1788427268333908,1788427268333909,1788427268336070,,,http_data_plane,,,,,2161
server,membership_directory_read,completed,1788427268601540,178842683956183202,,,,,1788427268554293,1788427268601540,,,poll:41 descriptors,,,,,47247
server,peer_replication_get_delta,completed,1788427268723072,178842683956183202,178842683956185201,6,,1788427268722962,1788427268722968,1788427268723072,,,"delta_len=14,sent_us=1788427268677999",,,,,104
server,peer_replication_get_delta,completed,1788427268732606,178842683956183202,178842684114091201,6,,1788427268732550,1788427268732554,1788427268732606,,,"delta_len=19,sent_us=1788427268661486",,,,,52
server,client_mutation,completed,1788427268836428,178842683956183202,,,,1788427268834042,1788427268834042,1788427268836428,,,http_data_plane,,,,,2386
server,peer_replication_pull_request,sent,1788427268934440,178842683956183202,,,,,,,,,connected_peers=22,,,,,
server,peer_replication_merge_delta,completed,1788427268946751,178842683956183202,,6,,1788427268935982,1788427268946669,1788427268946751,,,"delta_len=85,sent_us=1788427268935188",,,,,82
server,client_mutation,completed,1788427269337395,178842683956183202,,,,1788427269335239,1788427269335239,1788427269337395,,,http_data_plane,,,,,2156
server,client_mutation,completed,1788427269835986,178842683956183202,,,,1788427269833898,1788427269833898,1788427269835986,,,http_data_plane,,,,,2088
server,peer_replication_pull_request,sent,1788427269934658,178842683956183202,,,,,,,,,connected_peers=22,,,,,
server,peer_replication_merge_delta,completed,1788427269958128,178842683956183202,,6,,1788427269951308,1788427269958023,1788427269958128,,,"delta_len=64,sent_us=1788427269946875",,,,,105
server,client_mutation,completed,1788427270336140,178842683956183202,,,,1788427270334053,1788427270334053,1788427270336140,,,http_data_plane,,,,,2087
server,peer_replication_get_delta,completed,1788427270386045,178842683956183202,178842683956184202,6,,1788427270385985,1788427270385989,1788427270386045,,,"delta_len=51,sent_us=1788427270385338",,,,,56
server,client_mutation,completed,1788427270836251,178842683956183202,,,,1788427270833941,1788427270833941,1788427270836251,,,http_data_plane,,,,,2310
server,peer_replication_pull_request,sent,1788427270934018,178842683956183202,,,,,,,,,connected_peers=22,,,,,
server,peer_replication_merge_delta,completed,1788427270939750,178842683956183202,,6,,1788427270934884,1788427270939720,1788427270939750,,,"delta_len=34,sent_us=1788427270934434",,,,,30
server,client_mutation,completed,1788427271336045,178842683956183202,,,,1788427271333897,1788427271333897,1788427271336045,,,http_data_plane,,,,,2148
server,client_mutation,completed,1788427271836177,178842683956183202,,,,1788427271833922,1788427271833922,1788427271836177,,,http_data_plane,,,,,2255
server,peer_replication_get_delta,completed,1788427271870637,178842683956183202,178842684426434101,6,,1788427271870574,1788427271870579,1788427271870637,,,"delta_len=56,sent_us=1788427271804815",,,,,58
server,peer_replication_pull_request,sent,1788427271933941,178842683956183202,,,,,,,,,connected_peers=22,,,,,
server,peer_replication_merge_delta,completed,1788427271959590,178842683956183202,,6,,1788427271950802,1788427271959528,1788427271959590,,,"delta_len=97,sent_us=1788427271946021",,,,,62
server,client_mutation,completed,1788427272336411,178842683956183202,,,,1788427272333911,1788427272333911,1788427272336411,,,http_data_plane,,,,,2500
server,peer_replication_get_delta,completed,1788427272523655,178842683956183202,178842684426433101,6,,1788427272523222,1788427272523227,1788427272523655,,,"delta_len=26,sent_us=1788427272510092",,,,,428
server,client_mutation,completed,1788427272836356,178842683956183202,,,,1788427272834153,1788427272834153,1788427272836356,,,http_data_plane,,,,,2203
server,peer_replication_pull_request,sent,1788427272934069,178842683956183202,,,,,,,,,connected_peers=22,,,,,
server,peer_replication_get_delta,completed,1788427273282364,178842683956183202,178842683956181201,6,,1788427273282284,1788427273282288,1788427273282364,,,"delta_len=11,sent_us=1788427273281645",,,,,76
server,client_mutation,completed,1788427273336077,178842683956183202,,,,1788427273333897,1788427273333897,1788427273336077,,,http_data_plane,,,,,2180
server,membership_directory_read,completed,1788427273592740,178842683956183202,,,,,1788427273553955,1788427273592740,,,poll:41 descriptors,,,,,38785
server,client_mutation,completed,1788427273836048,178842683956183202,,,,1788427273833953,1788427273833953,1788427273836048,,,http_data_plane,,,,,2095
server,peer_replication_get_delta,completed,1788427273926330,178842683956183202,178842683849158801,6,,1788427273926200,1788427273926205,1788427273926330,,,"delta_len=19,sent_us=1788427273848331",,,,,125
server,peer_replication_pull_request,sent,1788427273934530,178842683956183202,,,,,,,,,connected_peers=22,,,,,
server,peer_replication_merge_delta,completed,1788427273989133,178842683956183202,,6,,1788427273982565,1788427273989090,1788427273989133,,,"delta_len=65,sent_us=1788427273970352",,,,,43
server,peer_replication_get_delta,completed,1788427274284650,178842683956183202,178842684286997601,6,,1788427274284578,1788427274284582,1788427274284650,,,"delta_len=55,sent_us=1788427274223722",,,,,68
server,client_mutation,completed,1788427274336052,178842683956183202,,,,1788427274333880,1788427274333880,1788427274336052,,,http_data_plane,,,,,2172
server,peer_replication_get_delta,completed,1788427274512786,178842683956183202,178842683956182202,6,,1788427274512725,1788427274512730,1788427274512786,,,"delta_len=69,sent_us=1788427274467067",,,,,56
server,peer_replication_get_delta,completed,1788427274570630,178842683956183202,178842684426433101,6,,1788427274570574,1788427274570578,1788427274570630,,,"delta_len=35,sent_us=1788427274510194",,,,,52
server,peer_replication_get_delta,completed,1788427274583994,178842683956183202,178842684114092202,6,,1788427274583936,1788427274583940,1788427274583994,,,"delta_len=49,sent_us=1788427274553831",,,,,54
server,client_mutation,completed,1788427274835968,178842683956183202,,,,1788427274833843,1788427274833843,1788427274835968,,,http_data_plane,,,,,2125
server,peer_replication_pull_request,sent,1788427274934666,178842683956183202,,,,,,,,,connected_peers=22,,,,,
server,peer_replication_merge_delta,completed,1788427274979606,178842683956183202,,6,,1788427274974535,1788427274979573,1788427274979606,,,"delta_len=49,sent_us=1788427274964220",,,,,33
server,peer_replication_get_delta,completed,1788427275210713,178842683956183202,178842683849154802,6,,1788427275210596,1788427275210601,1788427275210713,,,"delta_len=65,sent_us=1788427275174025",,,,,112
server,client_mutation,completed,1788427275336206,178842683956183202,,,,1788427275333863,1788427275333863,1788427275336206,,,http_data_plane,,,,,2343
server,peer_replication_get_delta,completed,1788427275422213,178842683956183202,178842684114090201,6,,1788427275422154,1788427275422159,1788427275422213,,,"delta_len=43,sent_us=1788427275348643",,,,,54
server,client_mutation,completed,1788427275836872,178842683956183202,,,,1788427275834501,1788427275834501,1788427275836872,,,http_data_plane,,,,,2371
server,peer_replication_pull_request,sent,1788427275934608,178842683956183202,,,,,,,,,connected_peers=22,,,,,
server,peer_replication_merge_delta,completed,1788427275958633,178842683956183202,,6,,1788427275951098,1788427275958565,1788427275958633,,,"delta_len=85,sent_us=1788427275946693",,,,,68
server,client_mutation,completed,1788427276336189,178842683956183202,,,,1788427276333908,1788427276333908,1788427276336189,,,http_data_plane,,,,,2281
server,client_mutation,completed,1788427276836063,178842683956183202,,,,1788427276833858,1788427276833859,1788427276836063,,,http_data_plane,,,,,2204
server,peer_replication_pull_request,sent,1788427276934711,178842683956183202,,,,,,,,,connected_peers=22,,,,,
server,peer_replication_merge_delta,completed,1788427277009990,178842683956183202,,6,,1788427277006160,1788427277009960,1788427277009990,,,"delta_len=25,sent_us=1788427276993074",,,,,30
server,client_mutation,completed,1788427277335985,178842683956183202,,,,1788427277333871,1788427277333871,1788427277335985,,,http_data_plane,,,,,2114
server,peer_replication_get_delta,completed,1788427277350587,178842683956183202,178842684426432101,6,,1788427277350526,1788427277350531,1788427277350587,,,"delta_len=66,sent_us=1788427277291008",,,,,56
server,client_mutation,completed,1788427277836066,178842683956183202,,,,1788427277833948,1788427277833948,1788427277836066,,,http_data_plane,,,,,2118
server,peer_replication_pull_request,sent,1788427277933811,178842683956183202,,,,,,,,,connected_peers=22,,,,,
server,peer_replication_merge_delta,completed,1788427278034231,178842683956183202,,6,,1788427278028815,1788427278034175,1788427278034231,,,"delta_len=42,sent_us=1788427278015589",,,,,56
server,client_mutation,completed,1788427278339104,178842683956183202,,,,1788427278334037,1788427278334037,1788427278339104,,,http_data_plane,,,,,5067
server,peer_replication_get_delta,completed,1788427278380514,178842683956183202,178842684426436101,6,,1788427278380450,1788427278380455,1788427278380514,,,"delta_len=55,sent_us=1788427278323095",,,,,59
server,peer_replication_get_delta,completed,1788427278422432,178842683956183202,178842684114090201,6,,1788427278422365,1788427278422369,1788427278422432,,,"delta_len=96,sent_us=1788427278348118",,,,,63
server,membership_directory_read,completed,1788427278594824,178842683956183202,,,,,1788427278553982,1788427278594824,,,poll:41 descriptors,,,,,40842
server,peer_replication_get_delta,completed,1788427278662469,178842683956183202,178842684114094202,6,,1788427278662415,1788427278662419,1788427278662469,,,"delta_len=40,sent_us=1788427278586196",,,,,50
server,client_mutation,completed,1788427278836380,178842683956183202,,,,1788427278834216,1788427278834217,1788427278836380,,,http_data_plane,,,,,2163
server,peer_replication_pull_request,sent,1788427278934530,178842683956183202,,,,,,,,,connected_peers=22,,,,,
server,peer_replication_merge_delta,completed,1788427278998530,178842683956183202,,6,,1788427278994124,1788427278998485,1788427278998530,,,"delta_len=34,sent_us=1788427278964269",,,,,45
server,peer_replication_get_delta,completed,1788427279284627,178842683956183202,178842684286997601,6,,1788427279284563,1788427279284568,1788427279284627,,,"delta_len=65,sent_us=1788427279223305",,,,,59
server,client_mutation,completed,1788427279336078,178842683956183202,,,,1788427279333860,1788427279333860,1788427279336078,,,http_data_plane,,,,,2218
server,peer_replication_get_delta,completed,1788427279380564,178842683956183202,178842684426436101,6,,1788427279380503,1788427279380509,1788427279380564,,,"delta_len=34,sent_us=1788427279323180",,,,,55
server,peer_replication_get_delta,completed,1788427279679073,178842683956183202,178842683956185201,6,,1788427279678976,1788427279678981,1788427279679073,,,"delta_len=16,sent_us=1788427279678155",,,,,92
server,peer_replication_get_delta,completed,1788427279732614,178842683956183202,178842684114091201,6,,1788427279732552,1788427279732556,1788427279732614,,,"delta_len=46,sent_us=1788427279661108",,,,,58
server,peer_replication_get_delta,completed,1788427279818146,178842683956183202,178842684426434101,6,,1788427279818089,1788427279818093,1788427279818146,,,"delta_len=42,sent_us=1788427279805638",,,,,53
server,client_mutation,completed,1788427279836078,178842683956183202,,,,1788427279833905,1788427279833906,1788427279836078,,,http_data_plane,,,,,2172
server,peer_replication_pull_request,sent,1788427279933905,178842683956183202,,,,,,,,,connected_peers=22,,,,,
server,peer_replication_merge_delta,completed,1788427280012060,178842683956183202,,6,,1788427280007638,1788427280012039,1788427280012060,,,"delta_len=27,sent_us=1788427279971406",,,,,21
server,peer_replication_get_delta,completed,1788427280192489,178842683956183202,178842684114093202,6,,1788427280192426,1788427280192429,1788427280192489,,,"delta_len=68,sent_us=1788427280120542",,,,,60
server,client_mutation,completed,1788427280336287,178842683956183202,,,,1788427280334207,1788427280334207,1788427280336287,,,http_data_plane,,,,,2080
server,client_mutation,completed,1788427280836084,178842683956183202,,,,1788427280833894,1788427280833895,1788427280836084,,,http_data_plane,,,,,2189
server,peer_replication_get_delta,completed,1788427280926293,178842683956183202,178842683849158801,6,,1788427280926224,1788427280926229,1788427280926293,,,"delta_len=70,sent_us=1788427280844761",,,,,64
server,peer_replication_pull_request,sent,1788427280934488,178842683956183202,,,,,,,,,connected_peers=22,,,,,
server,peer_replication_merge_delta,completed,1788427280959189,178842683956183202,,6,,1788427280950945,1788427280959134,1788427280959189,,,"delta_len=84,sent_us=1788427280946548",,,,,55
server,client_mutation,completed,1788427281336134,178842683956183202,,,,1788427281333925,1788427281333925,1788427281336134,,,http_data_plane,,,,,2209
server,peer_replication_get_delta,completed,1788427281378538,178842683956183202,178842684114090201,6,,1788427281378463,1788427281378469,1788427281378538,,,"delta_len=59,sent_us=1788427281348606",,,,,69
server,client_mutation,completed,1788427281837226,178842683956183202,,,,1788427281834122,1788427281834122,1788427281837226,,,http_data_plane,,,,,3104
server,peer_replication_pull_request,sent,1788427281934466,178842683956183202,,,,,,,,,connected_peers=22,,,,,
server,peer_replication_merge_delta,completed,1788427282024605,178842683956183202,,6,,1788427282020915,1788427282024588,1788427282024605,,,"delta_len=14,sent_us=1788427282001717",,,,,17
server,client_mutation,completed,1788427282336896,178842683956183202,,,,1788427282334176,1788427282334176,1788427282336896,,,http_data_plane,,,,,2720
server,client_mutation,completed,1788427282836156,178842683956183202,,,,1788427282833947,1788427282833947,1788427282836156,,,http_data_plane,,,,,2209
server,peer_replication_pull_request,sent,1788427282934057,178842683956183202,,,,,,,,,connected_peers=22,,,,,
server,peer_replication_merge_delta,completed,1788427282983902,178842683956183202,,6,,1788427282974734,1788427282983850,1788427282983902,,,"delta_len=74,sent_us=1788427282964407",,,,,52
server,client_mutation,completed,1788427283336102,178842683956183202,,,,1788427283333891,1788427283333891,1788427283336102,,,http_data_plane,,,,,2211
server,membership_directory_read,completed,1788427283597844,178842683956183202,,,,,1788427283554000,1788427283597844,,,poll:41 descriptors,,,,,43844
server,client_mutation,completed,1788427283836176,178842683956183202,,,,1788427283834105,1788427283834105,1788427283836176,,,http_data_plane,,,,,2071
server,peer_replication_pull_request,sent,1788427283933951,178842683956183202,,,,,,,,,connected_peers=22,,,,,
server,peer_replication_merge_delta,completed,1788427283964340,178842683956183202,,6,,1788427283958923,1788427283964306,1788427283964340,,,"delta_len=50,sent_us=1788427283952660",,,,,34
server,client_mutation,completed,1788427284336070,178842683956183202,,,,1788427284333857,1788427284333857,1788427284336070,,,http_data_plane,,,,,2213
server,client_mutation,completed,1788427284836283,178842683956183202,,,,1788427284834149,1788427284834149,1788427284836283,,,http_data_plane,,,,,2134
server,peer_replication_pull_request,sent,1788427284934031,178842683956183202,,,,,,,,,connected_peers=22,,,,,
server,peer_replication_merge_delta,completed,1788427285019930,178842683956183202,,6,,1788427285015368,1788427285019890,1788427285019930,,,"delta_len=38,sent_us=1788427285005125",,,,,40
server,client_mutation,completed,1788427285336036,178842683956183202,,,,1788427285333934,1788427285333934,1788427285336036,,,http_data_plane,,,,,2102
server,peer_replication_get_delta,completed,1788427285350592,178842683956183202,178842684426432101,6,,1788427285350524,1788427285350528,1788427285350592,,,"delta_len=77,sent_us=1788427285290834",,,,,64
server,client_mutation,completed,1788427285836147,178842683956183202,,,,1788427285833927,1788427285833927,1788427285836147,,,http_data_plane,,,,,2220
server,peer_replication_pull_request,sent,1788427285933959,178842683956183202,,,,,,,,,connected_peers=22,,,,,
server,peer_replication_merge_delta,completed,1788427286012976,178842683956183202,,6,,1788427286007198,1788427286012943,1788427286012976,,,"delta_len=47,sent_us=1788427286001230",,,,,33
server,client_mutation,completed,1788427286336174,178842683956183202,,,,1788427286333916,1788427286333916,1788427286336174,,,http_data_plane,,,,,2258
server,peer_replication_get_delta,completed,1788427286672214,178842683956183202,178842684114094202,6,,1788427286672150,1788427286672155,1788427286672214,,,"delta_len=70,sent_us=1788427286586331",,,,,59
server,client_mutation,completed,1788427286836106,178842683956183202,,,,1788427286833931,1788427286833931,1788427286836106,,,http_data_plane,,,,,2175
server,peer_replication_pull_request,sent,1788427286933931,178842683956183202,,,,,,,,,connected_peers=22,,,,,
server,peer_replication_merge_delta,completed,1788427287039075,178842683956183202,,6,,1788427287035151,1788427287039057,1788427287039075,,,"delta_len=24,sent_us=1788427287005138",,,,,18
server,client_mutation,completed,1788427287336130,178842683956183202,,,,1788427287333988,1788427287333988,1788427287336130,,,http_data_plane,,,,,2142
server,peer_replication_get_delta,completed,1788427287732840,178842683956183202,178842684114091201,6,,1788427287732782,1788427287732786,1788427287732840,,,"delta_len=31,sent_us=1788427287661266",,,,,54
server,client_mutation,completed,1788427287836046,178842683956183202,,,,1788427287833874,1788427287833874,1788427287836046,,,http_data_plane,,,,,2172
server,peer_replication_pull_request,sent,1788427287934094,178842683956183202,,,,,,,,,connected_peers=22,,,,,
server,peer_replication_merge_delta,completed,1788427288019943,178842683956183202,,6,,1788427288010199,1788427288019846,1788427288019943,,,"delta_len=95,sent_us=1788427288003339",,,,,97
server,peer_replication_get_delta,completed,1788427288022464,178842683956183202,178842684286996601,6,,1788427288022204,1788427288022210,1788427288022464,,,"delta_len=30,sent_us=1788427288008570",,,,,254
server,peer_replication_get_delta,completed,1788427288257065,178842683956183202,178842683849154802,6,,1788427288256996,1788427288257001,1788427288257065,,,"delta_len=31,sent_us=1788427288174487",,,,,64
server,client_mutation,completed,1788427288336321,178842683956183202,,,,1788427288334100,1788427288334100,1788427288336321,,,http_data_plane,,,,,2221
server,peer_replication_get_delta,completed,1788427288570658,178842683956183202,178842684426433101,6,,1788427288570597,1788427288570602,1788427288570658,,,"delta_len=34,sent_us=1788427288510423",,,,,56
server,peer_replication_get_delta,completed,1788427288586085,178842683956183202,178842684114092202,6,,1788427288586023,1788427288586028,1788427288586085,,,"delta_len=31,sent_us=1788427288553597",,,,,57
server,membership_directory_read,completed,1788427288598015,178842683956183202,,,,,1788427288554005,1788427288598015,,,poll:41 descriptors,,,,,44010
server,client_mutation,completed,1788427288835175,178842683956183202,,,,1788427288833981,1788427288833982,1788427288835175,,,http_data_plane,,,,,1193
server,peer_replication_get_delta,completed,1788427289332920,178842683956183202,178842683956181201,6,,1788427289332857,1788427289332862,1788427289332920,,,"delta_len=2,sent_us=1788427289282139",,,,,58
server,client_mutation,completed,1788427289335373,178842683956183202,,,,1788427289334208,1788427289334208,1788427289335373,,,http_data_plane,,,,,1165
server,peer_replication_get_delta,completed,1788427289722810,178842683956183202,178842683956185201,6,,1788427289722747,1788427289722751,1788427289722810,,,"delta_len=59,sent_us=1788427289677792",,,,,59
server,client_mutation,completed,1788427289834958,178842683956183202,,,,1788427289833923,1788427289833923,1788427289834958,,,http_data_plane,,,,,1035
server,peer_replication_pull_request,sent,1788427289934686,178842683956183202,,,,,,,,,connected_peers=21,,,,,
server,peer_replication_merge_delta,completed,1788427290084818,178842683956183202,,6,,1788427290082238,1788427290084804,1788427290084818,,,"delta_len=14,sent_us=1788427290004968",,,,,14
server,client_mutation,completed,1788427290335597,178842683956183202,,,,1788427290334440,1788427290334441,1788427290335597,,,http_data_plane,,,,,1156
server,peer_replication_get_delta,completed,1788427290390568,178842683956183202,178842684426436101,6,,1788427290390509,1788427290390515,1788427290390568,,,"delta_len=19,sent_us=1788427290323305",,,,,53
server,peer_replication_get_delta,completed,1788427290402361,178842683956183202,178842683849155802,6,,1788427290402283,1788427290402287,1788427290402361,,,"delta_len=51,sent_us=1788427290366316",,,,,74
server,client_mutation,completed,1788427290835949,178842683956183202,,,,1788427290834323,1788427290834323,1788427290835949,,,http_data_plane,,,,,1626
server,peer_replication_pull_request,sent,1788427290934135,178842683956183202,,,,,,,,,connected_peers=21,,,,,
server,peer_replication_merge_delta,completed,1788427291037629,178842683956183202,,6,,1788427291028920,1788427291037584,1788427291037629,,,"delta_len=66,sent_us=1788427291014910",,,,,45
server,client_mutation,completed,1788427291341191,178842683956183202,,,,1788427291334353,1788427291334353,1788427291341191,,,http_data_plane,,,,,6838
server,client_mutation,completed,1788427291836344,178842683956183202,,,,1788427291834204,1788427291834205,1788427291836344,,,http_data_plane,,,,,2139
server,peer_replication_pull_request,sent,1788427291933952,178842683956183202,,,,,,,,,connected_peers=21,,,,,
server,peer_replication_merge_delta,completed,1788427291949525,178842683956183202,,6,,1788427291935382,1788427291949401,1788427291949525,,,"delta_len=152,sent_us=1788427291934554",,,,,124
server,client_mutation,completed,1788427292336057,178842683956183202,,,,1788427292333913,1788427292333913,1788427292336057,,,http_data_plane,,,,,2144
server,client_mutation,completed,1788427292836448,178842683956183202,,,,1788427292834415,1788427292834415,1788427292836448,,,http_data_plane,,,,,2033
server,peer_replication_pull_request,sent,1788427292934111,178842683956183202,,,,,,,,,connected_peers=21,,,,,
server,peer_replication_merge_delta,completed,1788427292974960,178842683956183202,,6,,1788427292971862,1788427292974947,1788427292974960,,,"delta_len=15,sent_us=1788427292953270",,,,,13
server,client_mutation,completed,1788427293336087,178842683956183202,,,,1788427293333889,1788427293333889,1788427293336087,,,http_data_plane,,,,,2198
server,membership_directory_read,completed,1788427293592474,178842683956183202,,,,,1788427293553943,1788427293592474,,,poll:41 descriptors,,,,,38531
server,peer_replication_get_delta,completed,1788427293774229,178842683956183202,178842683849157801,6,,1788427293774169,1788427293774174,1788427293774229,,,"delta_len=50,sent_us=1788427293736228",,,,,55
server,client_mutation,completed,1788427293836455,178842683956183202,,,,1788427293834212,1788427293834212,1788427293836455,,,http_data_plane,,,,,2243
server,peer_replication_pull_request,sent,1788427293934210,178842683956183202,,,,,,,,,connected_peers=21,,,,,
server,peer_replication_merge_delta,completed,1788427293956370,178842683956183202,,6,,1788427293950617,1788427293956330,1788427293956370,,,"delta_len=54,sent_us=1788427293946207",,,,,40
server,client_mutation,completed,1788427294336152,178842683956183202,,,,1788427294333909,1788427294333909,1788427294336152,,,http_data_plane,,,,,2243
server,client_mutation,completed,1788427294836042,178842683956183202,,,,1788427294833876,1788427294833876,1788427294836042,,,http_data_plane,,,,,2166
server,peer_replication_pull_request,sent,1788427294934719,178842683956183202,,,,,,,,,connected_peers=21,,,,,
server,peer_replication_merge_delta,completed,1788427294983170,178842683956183202,,6,,1788427294974765,1788427294983115,1788427294983170,,,"delta_len=75,sent_us=1788427294964440",,,,,55
server,client_mutation,completed,1788427295336040,178842683956183202,,,,1788427295333972,1788427295333972,1788427295336040,,,http_data_plane,,,,,2068
server,client_mutation,completed,1788427295836506,178842683956183202,,,,1788427295834130,1788427295834130,1788427295836506,,,http_data_plane,,,,,2376
server,peer_replication_pull_request,sent,1788427295934356,178842683956183202,,,,,,,,,connected_peers=21,,,,,
server,peer_replication_merge_delta,completed,1788427295982600,178842683956183202,,6,,1788427295975165,1788427295982555,1788427295982600,,,"delta_len=50,sent_us=1788427295964759",,,,,45
server,client_mutation,completed,1788427296336807,178842683956183202,,,,1788427296334449,1788427296334449,1788427296336807,,,http_data_plane,,,,,2358
server,client_mutation,completed,1788427296836232,178842683956183202,,,,1788427296833895,1788427296833895,1788427296836232,,,http_data_plane,,,,,2337
server,peer_replication_pull_request,sent,1788427296934008,178842683956183202,,,,,,,,,connected_peers=21,,,,,
server,peer_replication_get_delta,completed,1788427296936619,178842683956183202,178842683849158801,6,,1788427296936557,1788427296936561,1788427296936619,,,"delta_len=59,sent_us=1788427296844681",,,,,58
server,peer_replication_merge_delta,completed,1788427297000238,178842683956183202,,6,,1788427296994916,1788427297000212,1788427297000238,,,"delta_len=27,sent_us=1788427296963944",,,,,26
server,peer_replication_get_delta,completed,1788427297192808,178842683956183202,178842684114093202,6,,1788427297192737,1788427297192742,1788427297192808,,,"delta_len=118,sent_us=1788427297120365",,,,,66
server,client_mutation,completed,1788427297337401,178842683956183202,,,,1788427297335269,1788427297335269,1788427297337401,,,http_data_plane,,,,,2132
server,client_mutation,completed,1788427297836206,178842683956183202,,,,1788427297833889,1788427297833889,1788427297836206,,,http_data_plane,,,,,2317
server,peer_replication_pull_request,sent,1788427297934230,178842683956183202,,,,,,,,,connected_peers=21,,,,,
server,peer_replication_merge_delta,completed,1788427298011258,178842683956183202,,6,,1788427298007750,1788427298011243,1788427298011258,,,"delta_len=12,sent_us=1788427297971350",,,,,15
server,peer_replication_get_delta,completed,1788427298284747,178842683956183202,178842684286997601,6,,1788427298284685,1788427298284690,1788427298284747,,,"delta_len=55,sent_us=1788427298224058",,,,,57
server,client_mutation,completed,1788427298336688,178842683956183202,,,,1788427298334373,1788427298334373,1788427298336688,,,http_data_plane,,,,,2315
server,membership_directory_read,completed,1788427298595550,178842683956183202,,,,,1788427298554659,1788427298595550,,,poll:41 descriptors,,,,,40891
server,client_mutation,completed,1788427298836040,178842683956183202,,,,1788427298833908,1788427298833908,1788427298836040,,,http_data_plane,,,,,2132
server,peer_replication_get_delta,completed,1788427298926397,178842683956183202,178842683849158801,6,,1788427298926339,1788427298926344,1788427298926397,,,"delta_len=16,sent_us=1788427298844370",,,,,53
server,peer_replication_pull_request,sent,1788427298934588,178842683956183202,,,,,,,,,connected_peers=21,,,,,
server,peer_replication_merge_delta,completed,1788427299011067,178842683956183202,,6,,1788427298997533,1788427299011013,1788427299011067,,,"delta_len=60,sent_us=1788427298993121",,,,,54
server,peer_replication_get_delta,completed,1788427299080695,178842683956183202,178842684426435101,6,,1788427299080623,1788427299080627,1788427299080695,,,"delta_len=63,sent_us=1788427299017439",,,,,68
server,peer_replication_get_delta,completed,1788427299284654,178842683956183202,178842684286997601,6,,1788427299284579,1788427299284585,1788427299284654,,,"delta_len=23,sent_us=1788427299223486",,,,,69
server,client_mutation,completed,1788427299336469,178842683956183202,,,,1788427299334144,1788427299334144,1788427299336469,,,http_data_plane,,,,,2325
server,peer_replication_get_delta,completed,1788427299723337,178842683956183202,178842683956185201,6,,1788427299723177,1788427299723182,1788427299723337,,,"delta_len=41,sent_us=1788427299678278",,,,,155
server,client_mutation,completed,1788427299836404,178842683956183202,,,,1788427299833908,1788427299833908,1788427299836404,,,http_data_plane,,,,,2496
server,peer_replication_get_delta,completed,1788427299926145,178842683956183202,178842683849158801,6,,1788427299926078,1788427299926083,1788427299926145,,,"delta_len=45,sent_us=1788427299844795",,,,,62
server,peer_replication_pull_request,sent,1788427299934320,178842683956183202,,,,,,,,,connected_peers=21,,,,,
server,peer_replication_merge_delta,completed,1788427299980951,178842683956183202,,6,,1788427299974632,1788427299980902,1788427299980951,,,"delta_len=62,sent_us=1788427299964348",,,,,49
server,client_mutation,completed,1788427300336176,178842683956183202,,,,1788427300333887,1788427300333888,1788427300336176,,,http_data_plane,,,,,2288
server,client_mutation,completed,1788427300836423,178842683956183202,,,,1788427300834062,1788427300834062,1788427300836423,,,http_data_plane,,,,,2361
server,peer_replication_get_delta,completed,1788427300860591,178842683956183202,178842684426434101,6,,1788427300860531,1788427300860535,1788427300860591,,,"delta_len=65,sent_us=1788427300805644",,,,,56
server,peer_replication_pull_request,sent,1788427300933912,178842683956183202,,,,,,,,,connected_peers=21,,,,,
server,peer_replication_merge_delta,completed,1788427300956599,178842683956183202,,6,,1788427300950462,1788427300956479,1788427300956599,,,"delta_len=36,sent_us=1788427300945995",,,,,120
server,peer_replication_get_delta,completed,1788427301284687,178842683956183202,178842684286997601,6,,1788427301284614,1788427301284619,1788427301284687,,,"delta_len=65,sent_us=1788427301223315",,,,,68
server,peer_replication_get_delta,completed,1788427301335486,178842683956183202,178842684426436101,6,,1788427301335429,1788427301335433,1788427301335486,,,"delta_len=40,sent_us=1788427301323118",,,,,53
server,client_mutation,completed,1788427301336693,178842683956183202,,,,1788427301334397,1788427301334397,1788427301336693,,,http_data_plane,,,,,2296
server,client_mutation,completed,1788427301836181,178842683956183202,,,,1788427301833963,1788427301833963,1788427301836181,,,http_data_plane,,,,,2218
server,peer_replication_pull_request,sent,1788427301934106,178842683956183202,,,,,,,,,connected_peers=21,,,,,
server,peer_replication_get_delta,completed,1788427302030804,178842683956183202,178842684286996601,6,,1788427302030745,1788427302030750,1788427302030804,,,"delta_len=41,sent_us=1788427302012136",,,,,54
server,peer_replication_merge_delta,completed,1788427302040323,178842683956183202,,6,,1788427302035530,1788427302040299,1788427302040323,,,"delta_len=25,sent_us=1788427302005215",,,,,24
server,client_mutation,completed,1788427302336588,178842683956183202,,,,1788427302334039,1788427302334039,1788427302336588,,,http_data_plane,,,,,2549
server,peer_replication_get_delta,completed,1788427302378393,178842683956183202,178842684114090201,6,,1788427302378333,1788427302378337,1788427302378393,,,"delta_len=18,sent_us=1788427302348299",,,,,56
server,peer_replication_get_delta,completed,1788427302662575,178842683956183202,178842684114094202,6,,1788427302662195,1788427302662200,1788427302662575,,,"delta_len=21,sent_us=1788427302586293",,,,,375
server,peer_replication_get_delta,completed,1788427302816748,178842683956183202,178842683849157801,6,,1788427302816684,1788427302816689,1788427302816748,,,"delta_len=25,sent_us=1788427302736543",,,,,59
server,client_mutation,completed,1788427302836058,178842683956183202,,,,1788427302833883,1788427302833883,1788427302836058,,,http_data_plane,,,,,2175
server,peer_replication_pull_request,sent,1788427302933916,178842683956183202,,,,,,,,,connected_peers=21,,,,,
server,peer_replication_merge_delta,completed,1788427302997346,178842683956183202,,6,,1788427302993303,1788427302997322,1788427302997346,,,"delta_len=30,sent_us=1788427302963555",,,,,24
server,client_mutation,completed,1788427303336269,178842683956183202,,,,1788427303334113,1788427303334113,1788427303336269,,,http_data_plane,,,,,2156
server,membership_directory_read,completed,1788427303592116,178842683956183202,,,,,1788427303554093,1788427303592116,,,poll:41 descriptors,,,,,38023
server,peer_replication_get_delta,completed,1788427303722968,178842683956183202,178842683956185201,6,,1788427303722911,1788427303722916,1788427303722968,,,"delta_len=22,sent_us=1788427303678201",,,,,52
server,client_mutation,completed,1788427303836707,178842683956183202,,,,1788427303834118,1788427303834118,1788427303836707,,,http_data_plane,,,,,2589
server,peer_replication_pull_request,sent,1788427303933999,178842683956183202,,,,,,,,,connected_peers=21,,,,,
server,peer_replication_merge_delta,completed,1788427304006873,178842683956183202,,6,,1788427303993390,1788427304006791,1788427304006873,,,"delta_len=92,sent_us=1788427303992810",,,,,82
server,client_mutation,completed,1788427304336129,178842683956183202,,,,1788427304333840,1788427304333840,1788427304336129,,,http_data_plane,,,,,2289
server,peer_replication_get_delta,completed,1788427304570582,178842683956183202,178842684426433101,6,,1788427304570518,1788427304570523,1788427304570582,,,"delta_len=63,sent_us=1788427304510631",,,,,59
server,client_mutation,completed,1788427304836117,178842683956183202,,,,1788427304833899,1788427304833899,1788427304836117,,,http_data_plane,,,,,2218
server,peer_replication_pull_request,sent,1788427304933887,178842683956183202,,,,,,,,,connected_peers=21,,,,,
server,peer_replication_merge_delta,completed,1788427305039315,178842683956183202,,6,,1788427305035346,1788427305039291,1788427305039315,,,"delta_len=23,sent_us=1788427305005242",,,,,24
server,peer_replication_get_delta,completed,1788427305076176,178842683956183202,178842684286996601,6,,1788427305076110,1788427305076115,1788427305076176,,,"delta_len=63,sent_us=1788427305011882",,,,,61
server,client_mutation,completed,1788427305336062,178842683956183202,,,,1788427305333901,1788427305333901,1788427305336062,,,http_data_plane,,,,,2161
server,peer_replication_get_delta,completed,1788427305583348,178842683956183202,178842684114092202,6,,1788427305583283,1788427305583288,1788427305583348,,,"delta_len=64,sent_us=1788427305553200",,,,,60
server,peer_replication_get_delta,completed,1788427305616652,178842683956183202,178842684114094202,6,,1788427305616521,1788427305616524,1788427305616652,,,"delta_len=81,sent_us=1788427305586615",,,,,128
server,client_mutation,completed,1788427305838466,178842683956183202,,,,1788427305833928,1788427305833928,1788427305838466,,,http_data_plane,,,,,4538
server,peer_replication_pull_request,sent,1788427305933964,178842683956183202,,,,,,,,,connected_peers=21,,,,,
server,peer_replication_merge_delta,completed,1788427306015351,178842683956183202,,6,,1788427306006092,1788427306015291,1788427306015351,,,"delta_len=99,sent_us=1788427305993052",,,,,60
server,peer_replication_get_delta,completed,1788427306071026,178842683956183202,178842684426435101,6,,1788427306070947,1788427306070952,1788427306071026,,,"delta_len=136,sent_us=1788427306017894",,,,,74
server,client_mutation,completed,1788427306336184,178842683956183202,,,,1788427306333898,1788427306333899,1788427306336184,,,http_data_plane,,,,,2285
server,client_mutation,completed,1788427306836244,178842683956183202,,,,1788427306834059,1788427306834059,1788427306836244,,,http_data_plane,,,,,2185
server,peer_replication_pull_request,sent,1788427306933938,178842683956183202,,,,,,,,,connected_peers=21,,,,,
server,peer_replication_merge_delta,completed,1788427307008358,178842683956183202,,6,,1788427307005547,1788427307008348,1788427307008358,,,"delta_len=7,sent_us=1788427306993172",,,,,10
server,client_mutation,completed,1788427307336460,178842683956183202,,,,1788427307334391,1788427307334391,1788427307336460,,,http_data_plane,,,,,2069
server,peer_replication_get_delta,completed,1788427307513017,178842683956183202,178842683956182202,6,,1788427307512962,1788427307512967,1788427307513017,,,"delta_len=13,sent_us=1788427307466966",,,,,50
server,client_mutation,completed,1788427307836236,178842683956183202,,,,1788427307833956,1788427307833956,1788427307836236,,,http_data_plane,,,,,2280
server,peer_replication_pull_request,sent,1788427307934096,178842683956183202,,,,,,,,,connected_peers=21,,,,,
server,peer_replication_merge_delta,completed,1788427307964348,178842683956183202,,6,,1788427307958869,1788427307964324,1788427307964348,,,"delta_len=28,sent_us=1788427307946341",,,,,24
server,client_mutation,completed,1788427308336015,178842683956183202,,,,1788427308333881,1788427308333881,1788427308336015,,,http_data_plane,,,,,2134
server,membership_directory_read,completed,1788427308597609,178842683956183202,,,,,1788427308553958,1788427308597609,,,poll:41 descriptors,,,,,43651
server,peer_replication_get_delta,completed,1788427308733418,178842683956183202,178842684114091201,6,,1788427308732716,1788427308732722,1788427308733418,,,"delta_len=5,sent_us=1788427308661486",,,,,696
server,peer_replication_get_delta,completed,1788427308816517,178842683956183202,178842683849157801,6,,1788427308816452,1788427308816458,1788427308816517,,,"delta_len=31,sent_us=1788427308735884",,,,,59
server,client_mutation,completed,1788427308836796,178842683956183202,,,,1788427308834633,1788427308834633,1788427308836796,,,http_data_plane,,,,,2163
server,peer_replication_pull_request,sent,1788427308933937,178842683956183202,,,,,,,,,connected_peers=21,,,,,
server,peer_replication_merge_delta,completed,1788427308975477,178842683956183202,,6,,1788427308971879,1788427308975461,1788427308975477,,,"delta_len=16,sent_us=1788427308953671",,,,,16
server,client_mutation,completed,1788427309336691,178842683956183202,,,,1788427309333860,1788427309333860,1788427309336691,,,http_data_plane,,,,,2831
server,peer_replication_get_delta,completed,1788427309570669,178842683956183202,178842684426433101,6,,1788427309570612,1788427309570616,1788427309570669,,,"delta_len=28,sent_us=1788427309510050",,,,,53
server,client_mutation,completed,1788427309836385,178842683956183202,,,,1788427309833897,1788427309833897,1788427309836385,,,http_data_plane,,,,,2488
server,peer_replication_pull_request,sent,1788427309934120,178842683956183202,,,,,,,,,connected_peers=21,,,,,
server,peer_replication_merge_delta,completed,1788427309942350,178842683956183202,,6,,1788427309935578,1788427309942265,1788427309942350,,,"delta_len=57,sent_us=1788427309934752",,,,,85
server,peer_replication_get_delta,completed,1788427310241928,178842683956183202,178842684286997601,6,,1788427310241869,1788427310241874,1788427310241928,,,"delta_len=30,sent_us=1788427310223667",,,,,54
server,client_mutation,completed,1788427310336163,178842683956183202,,,,1788427310333859,1788427310333859,1788427310336163,,,http_data_plane,,,,,2304
server,client_mutation,completed,1788427310836527,178842683956183202,,,,1788427310834209,1788427310834209,1788427310836527,,,http_data_plane,,,,,2318
server,peer_replication_pull_request,sent,1788427310934236,178842683956183202,,,,,,,,,connected_peers=21,,,,,
server,peer_replication_merge_delta,completed,1788427311003415,178842683956183202,,6,,1788427310997524,1788427311003385,1788427311003415,,,"delta_len=44,sent_us=1788427310993155",,,,,30
server,client_mutation,completed,1788427311336163,178842683956183202,,,,1788427311334014,1788427311334014,1788427311336163,,,http_data_plane,,,,,2149
server,client_mutation,completed,1788427311836786,178842683956183202,,,,1788427311834244,1788427311834245,1788427311836786,,,http_data_plane,,,,,2541
server,peer_replication_pull_request,sent,1788427311936354,178842683956183202,,,,,,,,,connected_peers=21,,,,,
server,peer_replication_merge_delta,completed,1788427312031144,178842683956183202,,6,,1788427312026419,1788427312031115,1788427312031144,,,"delta_len=38,sent_us=1788427312014202",,,,,29
server,client_mutation,completed,1788427312336062,178842683956183202,,,,1788427312333882,1788427312333882,1788427312336062,,,http_data_plane,,,,,2180
server,peer_replication_get_delta,completed,1788427312732745,178842683956183202,178842684114091201,6,,1788427312732638,1788427312732644,1788427312732745,,,"delta_len=45,sent_us=1788427312660614",,,,,101
server,client_mutation,completed,1788427312836290,178842683956183202,,,,1788427312834073,1788427312834073,1788427312836290,,,http_data_plane,,,,,2217
server,peer_replication_pull_request,sent,1788427312934629,178842683956183202,,,,,,,,,connected_peers=21,,,,,
server,peer_replication_merge_delta,completed,1788427312967393,178842683956183202,,6,,1788427312959713,1788427312967331,1788427312967393,,,"delta_len=77,sent_us=1788427312953493",,,,,62
server,peer_replication_get_delta,completed,1788427313282847,178842683956183202,178842683956181201,6,,1788427313282783,1788427313282787,1788427313282847,,,"delta_len=75,sent_us=1788427313282013",,,,,60
server,client_mutation,completed,1788427313336075,178842683956183202,,,,1788427313333910,1788427313333910,1788427313336075,,,http_data_plane,,,,,2165
server,membership_directory_read,completed,1788427313598860,178842683956183202,,,,,1788427313554277,1788427313598860,,,poll:41 descriptors,,,,,44583
server,peer_replication_get_delta,completed,1788427313662424,178842683956183202,178842684114094202,6,,1788427313662362,1788427313662366,1788427313662424,,,"delta_len=72,sent_us=1788427313586552",,,,,58
server,peer_replication_get_delta,completed,1788427313733225,178842683956183202,178842684114091201,6,,1788427313733160,1788427313733165,1788427313733225,,,"delta_len=13,sent_us=1788427313661231",,,,,60
server,client_mutation,completed,1788427313836367,178842683956183202,,,,1788427313833980,1788427313833980,1788427313836367,,,http_data_plane,,,,,2387
server,peer_replication_pull_request,sent,1788427313934133,178842683956183202,,,,,,,,,connected_peers=21,,,,,
server,peer_replication_merge_delta,completed,1788427313966545,178842683956183202,,6,,1788427313958897,1788427313966430,1788427313966545,,,"delta_len=23,sent_us=1788427313946372",,,,,115
server,client_mutation,completed,1788427314336094,178842683956183202,,,,1788427314334013,1788427314334013,1788427314336094,,,http_data_plane,,,,,2081
server,peer_replication_get_delta,completed,1788427314662213,178842683956183202,178842684114094202,6,,1788427314662160,1788427314662165,1788427314662213,,,"delta_len=5,sent_us=1788427314586530",,,,,48
server,peer_replication_get_delta,completed,1788427314816440,178842683956183202,178842683849157801,6,,1788427314816364,1788427314816369,1788427314816440,,,"delta_len=67,sent_us=1788427314735626",,,,,71
server,client_mutation,completed,1788427314836110,178842683956183202,,,,1788427314834008,1788427314834009,1788427314836110,,,http_data_plane,,,,,2101
server,peer_replication_pull_request,sent,1788427314933897,178842683956183202,,,,,,,,,connected_peers=21,,,,,
server,gc_observed,start,1788427315119298,178842683956183202,,7,,,,,,,,,,,,
server,gc_observed,completed,1788427315198095,178842683956183202,,7,,,,,,,,,,,,
server,peer_replication_merge_delta,completed,1788427315201058,178842683956183202,,7,,1788427315119297,1788427315201043,1788427315201058,,,"delta_len=7,sent_us=1788427315088794",,,,,15
server,client_mutation,completed,1788427315336358,178842683956183202,,,,1788427315333975,1788427315333975,1788427315336358,,,http_data_plane,,,,,2383
server,client_mutation,completed,1788427315836096,178842683956183202,,,,1788427315833943,1788427315833943,1788427315836096,,,http_data_plane,,,,,2153
server,peer_replication_pull_request,sent,1788427315934159,178842683956183202,,,,,,,,,connected_peers=21,,,,,
server,peer_replication_merge_delta,refused_stale_gc,1788427315936541,178842683956183202,,6,1788427315935485,1788427315936540,,,,,"remote_gc_counter=6,current_gc_counter=7,delta_len=141",,,,,1
server,client_mutation,completed,1788427316337209,178842683956183202,,,,1788427316334207,1788427316334207,1788427316337209,,,http_data_plane,,,,,3002
server,peer_replication_get_delta,completed,1788427316386258,178842683956183202,178842683956184202,7,,1788427316386164,1788427316386167,1788427316386258,,,"delta_len=49,sent_us=1788427316385328",,,,,91
server,peer_replication_get_delta,completed,1788427316678855,178842683956183202,178842683956185201,7,,1788427316678786,1788427316678790,1788427316678855,,,"delta_len=11,sent_us=1788427316678034",,,,,65
server,client_mutation,completed,1788427316836311,178842683956183202,,,,1788427316833879,1788427316833879,1788427316836311,,,http_data_plane,,,,,2432
server,peer_replication_pull_request,sent,1788427316934190,178842683956183202,,,,,,,,,connected_peers=21,,,,,
server,peer_replication_merge_delta,refused_stale_gc,1788427317005514,178842683956183202,,6,1788427316993033,1788427317005513,,,,,"remote_gc_counter=6,current_gc_counter=7,delta_len=108",,,,,1
server,peer_replication_get_delta,completed,1788427317323137,178842683956183202,178842683956181201,7,,1788427317323071,1788427317323075,1788427317323137,,,"delta_len=17,sent_us=1788427317281662",,,,,62
server,client_mutation,completed,1788427317338861,178842683956183202,,,,1788427317334186,1788427317334186,1788427317338861,,,http_data_plane,,,,,4675
server,client_mutation,completed,1788427317836948,178842683956183202,,,,1788427317834164,1788427317834165,1788427317836948,,,http_data_plane,,,,,2783
server,peer_replication_pull_request,sent,1788427317934475,178842683956183202,,,,,,,,,connected_peers=21,,,,,
server,peer_replication_merge_delta,completed,1788427317998092,178842683956183202,,7,,1788427317995166,1788427317998080,1788427317998092,,,"delta_len=6,sent_us=1788427317964784",,,,,12
server,client_mutation,completed,1788427318336309,178842683956183202,,,,1788427318333934,1788427318333935,1788427318336309,,,http_data_plane,,,,,2374
server,membership_directory_read,completed,1788427318600689,178842683956183202,,,,,1788427318554686,1788427318600689,,,poll:45 descriptors,,,,,46003
server,client_mutation,completed,1788427318836352,178842683956183202,,,,1788427318834046,1788427318834046,1788427318836352,,,http_data_plane,,,,,2306
server,peer_replication_pull_request,sent,1788427318934712,178842683956183202,,,,,,,,,connected_peers=18,,,,,
server,peer_replication_merge_delta,refused_stale_gc,1788427319056375,178842683956183202,,6,1788427319020455,1788427319056373,,,,,"remote_gc_counter=6,current_gc_counter=7,delta_len=12",,,,,2
server,peer_replication_get_delta,completed,1788427319150866,178842683956183202,178842684114093202,7,,1788427319150812,1788427319150817,1788427319150866,,,"delta_len=21,sent_us=1788427319120673",,,,,49
server,client_mutation,completed,1788427319335982,178842683956183202,,,,1788427319333892,1788427319333892,1788427319335982,,,http_data_plane,,,,,2090
server,peer_replication_get_delta,completed,1788427319432996,178842683956183202,178842683956184202,7,,1788427319432940,1788427319432945,1788427319432996,,,"delta_len=12,sent_us=1788427319385276",,,,,51
server,peer_replication_get_delta,completed,1788427319679597,178842683956183202,178842684426436101,7,,1788427319679544,1788427319679548,1788427319679597,,,"delta_len=22,sent_us=1788427319667303",,,,,49
server,client_mutation,completed,1788427319836484,178842683956183202,,,,1788427319834297,1788427319834297,1788427319836484,,,http_data_plane,,,,,2187
server,peer_replication_pull_request,sent,1788427319934505,178842683956183202,,,,,,,,,connected_peers=18,,,,,
server,peer_replication_merge_delta,completed,1788427319979695,178842683956183202,,7,,1788427319974236,1788427319979646,1788427319979695,,,"delta_len=44,sent_us=1788427319963982",,,,,49
server,peer_replication_get_delta,completed,1788427320322897,178842683956183202,178842683956181201,7,,1788427320322835,1788427320322839,1788427320322897,,,"delta_len=56,sent_us=1788427320281958",,,,,58
server,client_mutation,completed,1788427320336193,178842683956183202,,,,1788427320334057,1788427320334057,1788427320336193,,,http_data_plane,,,,,2136
server,peer_replication_get_delta,completed,1788427320602503,178842683956183202,178842683849156802,7,,1788427320602439,1788427320602444,1788427320602503,,,"delta_len=57,sent_us=1788427320566097",,,,,59
server,peer_replication_get_delta,completed,1788427320817535,178842683956183202,178842683849157801,7,,1788427320817470,1788427320817474,1788427320817535,,,"delta_len=57,sent_us=1788427320735576",,,,,61
server,client_mutation,completed,1788427320836108,178842683956183202,,,,1788427320833902,1788427320833902,1788427320836108,,,http_data_plane,,,,,2206
server,peer_replication_pull_request,sent,1788427320933948,178842683956183202,,,,,,,,,connected_peers=18,,,,,
server,peer_replication_merge_delta,completed,1788427320940931,178842683956183202,,7,,1788427320935724,1788427320940904,1788427320940931,,,"delta_len=37,sent_us=1788427320934926",,,,,27
server,client_mutation,completed,1788427321336170,178842683956183202,,,,1788427321333933,1788427321333933,1788427321336170,,,http_data_plane,,,,,2237
server,client_mutation,completed,1788427321837082,178842683956183202,,,,1788427321834361,1788427321834361,1788427321837082,,,http_data_plane,,,,,2721
server,peer_replication_pull_request,sent,1788427321933893,178842683956183202,,,,,,,,,connected_peers=18,,,,,
server,peer_replication_merge_delta,completed,1788427322042141,178842683956183202,,7,,1788427322037546,1788427322042119,1788427322042141,,,"delta_len=27,sent_us=1788427322005248",,,,,22
server,client_mutation,completed,1788427322336174,178842683956183202,,,,1788427322334001,1788427322334001,1788427322336174,,,http_data_plane,,,,,2173
server,peer_replication_get_delta,completed,1788427322380561,178842683956183202,178842684426436101,7,,1788427322380468,1788427322380473,1788427322380561,,,"delta_len=106,sent_us=1788427322323158",,,,,88
server,client_mutation,completed,1788427322836319,178842683956183202,,,,1788427322834130,1788427322834130,1788427322836319,,,http_data_plane,,,,,2189
server,peer_replication_pull_request,sent,1788427322934199,178842683956183202,,,,,,,,,connected_peers=18,,,,,
server,client_mutation,completed,1788427323336073,178842683956183202,,,,1788427323333908,1788427323333908,1788427323336073,,,http_data_plane,,,,,2165
server,membership_directory_read,completed,1788427323595782,178842683956183202,,,,,1788427323553967,1788427323595782,,,poll:45 descriptors,,,,,41815
server,peer_replication_get_delta,completed,1788427323656396,178842683956183202,178842683849156802,7,,1788427323656327,1788427323656344,1788427323656396,,,"delta_len=23,sent_us=1788427323565360",,,,,52
server,peer_replication_get_delta,completed,1788427323722818,178842683956183202,178842683956185201,7,,1788427323722762,1788427323722767,1788427323722818,,,"delta_len=23,sent_us=1788427323678259",,,,,51
server,peer_replication_get_delta,completed,1788427323752256,178842683956183202,178842684114090201,7,,1788427323752198,1788427323752202,1788427323752256,,,"delta_len=19,sent_us=1788427323673009",,,,,54
server,client_mutation,completed,1788427323836173,178842683956183202,,,,1788427323833907,1788427323833907,1788427323836173,,,http_data_plane,,,,,2266
server,peer_replication_pull_request,sent,1788427323933975,178842683956183202,,,,,,,,,connected_peers=18,,,,,
server,peer_replication_merge_delta,completed,1788427323989817,178842683956183202,,7,,1788427323983083,1788427323989688,1788427323989817,,,"delta_len=67,sent_us=1788427323969749",,,,,129
server,client_mutation,completed,1788427324336070,178842683956183202,,,,1788427324333816,1788427324333816,1788427324336070,,,http_data_plane,,,,,2254
server,peer_replication_get_delta,completed,1788427324632515,178842683956183202,178842684114092202,7,,1788427324632453,1788427324632458,1788427324632515,,,"delta_len=39,sent_us=1788427324553791",,,,,57
server,client_mutation,completed,1788427324835912,178842683956183202,,,,1788427324833864,1788427324833864,1788427324835912,,,http_data_plane,,,,,2048
server,peer_replication_pull_request,sent,1788427324934618,178842683956183202,,,,,,,,,connected_peers=18,,,,,
server,peer_replication_merge_delta,completed,1788427325024086,178842683956183202,,7,,1788427325015803,1788427325024031,1788427325024086,,,"delta_len=85,sent_us=1788427325005275",,,,,55
server,client_mutation,completed,1788427325336092,178842683956183202,,,,1788427325333897,1788427325333897,1788427325336092,,,http_data_plane,,,,,2195
server,client_mutation,completed,1788427325836226,178842683956183202,,,,1788427325833904,1788427325833904,1788427325836226,,,http_data_plane,,,,,2322
server,peer_replication_pull_request,sent,1788427325934107,178842683956183202,,,,,,,,,connected_peers=18,,,,,
server,peer_replication_merge_delta,completed,1788427325997302,178842683956183202,,7,,1788427325994484,1788427325997293,1788427325997302,,,"delta_len=4,sent_us=1788427325964222",,,,,9
server,client_mutation,completed,1788427326336276,178842683956183202,,,,1788427326334020,1788427326334021,1788427326336276,,,http_data_plane,,,,,2255
server,peer_replication_get_delta,completed,1788427326467997,178842683956183202,178842683956182202,7,,1788427326467937,1788427326467941,1788427326467997,,,"delta_len=26,sent_us=1788427326467174",,,,,56
server,peer_replication_get_delta,completed,1788427326662273,178842683956183202,178842684114094202,7,,1788427326662214,1788427326662219,1788427326662273,,,"delta_len=34,sent_us=1788427326586354",,,,,54
server,client_mutation,completed,1788427326836471,178842683956183202,,,,1788427326833913,1788427326833913,1788427326836471,,,http_data_plane,,,,,2558
server,peer_replication_pull_request,sent,1788427326935141,178842683956183202,,,,,,,,,connected_peers=18,,,,,
server,client_mutation,completed,1788427327336496,178842683956183202,,,,1788427327334277,1788427327334277,1788427327336496,,,http_data_plane,,,,,2219
server,peer_replication_get_delta,completed,1788427327381243,178842683956183202,178842684426436101,7,,1788427327381151,1788427327381156,1788427327381243,,,"delta_len=89,sent_us=1788427327323236",,,,,87
server,peer_replication_get_delta,completed,1788427327403020,178842683956183202,178842683849155802,7,,1788427327402935,1788427327402943,1788427327403020,,,"delta_len=93,sent_us=1788427327366597",,,,,77
server,client_mutation,completed,1788427327838741,178842683956183202,,,,1788427327835443,1788427327835444,1788427327838741,,,http_data_plane,,,,,3297
server,peer_replication_pull_request,sent,1788427327934282,178842683956183202,,,,,,,,,connected_peers=18,,,,,
server,peer_replication_merge_delta,completed,1788427328027563,178842683956183202,,7,,1788427328017230,1788427328027344,1788427328027563,,,"delta_len=80,sent_us=1788427328005196",,,,,219
server,client_mutation,completed,1788427328336152,178842683956183202,,,,1788427328333958,1788427328333958,1788427328336152,,,http_data_plane,,,,,2194
server,membership_directory_read,completed,1788427328595265,178842683956183202,,,,,1788427328554294,1788427328595265,,,poll:45 descriptors,,,,,40971
server,client_mutation,completed,1788427328836672,178842683956183202,,,,1788427328834039,1788427328834039,1788427328836672,,,http_data_plane,,,,,2633
server,peer_replication_pull_request,sent,1788427328934491,178842683956183202,,,,,,,,,connected_peers=18,,,,,
server,peer_replication_merge_delta,completed,1788427328945277,178842683956183202,,7,,1788427328937050,1788427328945206,1788427328945277,,,"delta_len=89,sent_us=1788427328935970",,,,,71
server,client_mutation,completed,1788427329336578,178842683956183202,,,,1788427329334044,1788427329334044,1788427329336578,,,http_data_plane,,,,,2534
server,client_mutation,completed,1788427329836322,178842683956183202,,,,1788427329833885,1788427329833885,1788427329836322,,,http_data_plane,,,,,2437
server,peer_replication_pull_request,sent,1788427329934028,178842683956183202,,,,,,,,,connected_peers=18,,,,,
server,client_mutation,completed,1788427330336443,178842683956183202,,,,1788427330334087,1788427330334087,1788427330336443,,,http_data_plane,,,,,2356
server,peer_replication_get_delta,completed,1788427330446446,178842683956183202,178842683849155802,7,,1788427330446292,1788427330446297,1788427330446446,,,"delta_len=20,sent_us=1788427330366749",,,,,149
server,client_mutation,completed,1788427330836398,178842683956183202,,,,1788427330834108,1788427330834109,1788427330836398,,,http_data_plane,,,,,2289
server,peer_replication_pull_request,sent,1788427330934080,178842683956183202,,,,,,,,,connected_peers=18,,,,,
server,peer_replication_merge_delta,completed,1788427331034132,178842683956183202,,7,,1788427331025834,1788427331034084,1788427331034132,,,"delta_len=80,sent_us=1788427331015224",,,,,48
server,client_mutation,completed,1788427331336460,178842683956183202,,,,1788427331334165,1788427331334165,1788427331336460,,,http_data_plane,,,,,2295
server,client_mutation,completed,1788427331836452,178842683956183202,,,,1788427331834260,1788427331834260,1788427331836452,,,http_data_plane,,,,,2192
server,peer_replication_pull_request,sent,1788427331934323,178842683956183202,,,,,,,,,connected_peers=18,,,,,
server,peer_replication_merge_delta,completed,1788427331940468,178842683956183202,,7,,1788427331935432,1788427331940435,1788427331940468,,,"delta_len=42,sent_us=1788427331934866",,,,,33
server,peer_replication_get_delta,completed,1788427332283217,178842683956183202,178842683956181201,7,,1788427332283158,1788427332283163,1788427332283217,,,"delta_len=25,sent_us=1788427332282445",,,,,54
server,client_mutation,completed,1788427332336100,178842683956183202,,,,1788427332333997,1788427332333998,1788427332336100,,,http_data_plane,,,,,2102
server,peer_replication_get_delta,completed,1788427332632406,178842683956183202,178842684114092202,7,,1788427332632316,1788427332632349,1788427332632406,,,"delta_len=37,sent_us=1788427332553373",,,,,57
server,client_mutation,completed,1788427332836092,178842683956183202,,,,1788427332833924,1788427332833924,1788427332836092,,,http_data_plane,,,,,2168
server,peer_replication_pull_request,sent,1788427332933927,178842683956183202,,,,,,,,,connected_peers=18,,,,,
server,peer_replication_merge_delta,completed,1788427333019553,178842683956183202,,7,,1788427333006783,1788427333019479,1788427333019553,,,"delta_len=147,sent_us=1788427332969510",,,,,74
server,client_mutation,completed,1788427333336804,178842683956183202,,,,1788427333334560,1788427333334560,1788427333336804,,,http_data_plane,,,,,2244
server,membership_directory_read,completed,1788427333597266,178842683956183202,,,,,1788427333553870,1788427333597266,,,poll:45 descriptors,,,,,43396
server,client_mutation,completed,1788427333836803,178842683956183202,,,,1788427333834277,1788427333834277,1788427333836803,,,http_data_plane,,,,,2526
server,peer_replication_get_delta,completed,1788427333881203,178842683956183202,178842683849158801,7,,1788427333881145,1788427333881150,1788427333881203,,,"delta_len=20,sent_us=1788427333844832",,,,,53
server,peer_replication_pull_request,sent,1788427333934549,178842683956183202,,,,,,,,,connected_peers=18,,,,,
server,peer_replication_merge_delta,completed,1788427334009261,178842683956183202,,7,,1788427334006424,1788427334009250,1788427334009261,,,"delta_len=4,sent_us=1788427333970420",,,,,11
server,client_mutation,completed,1788427334336109,178842683956183202,,,,1788427334333885,1788427334333885,1788427334336109,,,http_data_plane,,,,,2224
server,peer_replication_get_delta,completed,1788427334513032,178842683956183202,178842683956182202,7,,1788427334512971,1788427334512976,1788427334513032,,,"delta_len=27,sent_us=1788427334467195",,,,,56
server,client_mutation,completed,1788427334836140,178842683956183202,,,,1788427334833926,1788427334833926,1788427334836140,,,http_data_plane,,,,,2214
server,peer_replication_get_delta,completed,1788427334926449,178842683956183202,178842683849158801,7,,1788427334926392,1788427334926396,1788427334926449,,,"delta_len=5,sent_us=1788427334844462",,,,,53
server,peer_replication_pull_request,sent,1788427334933855,178842683956183202,,,,,,,,,connected_peers=18,,,,,
server,peer_replication_merge_delta,completed,1788427334945386,178842683956183202,,7,,1788427334934977,1788427334945320,1788427334945386,,,"delta_len=89,sent_us=1788427334934340",,,,,66
server,client_mutation,completed,1788427335336622,178842683956183202,,,,1788427335334161,1788427335334161,1788427335336622,,,http_data_plane,,,,,2461
server,peer_replication_get_delta,completed,1788427335380726,178842683956183202,178842684426436101,7,,1788427335380650,1788427335380654,1788427335380726,,,"delta_len=69,sent_us=1788427335323169",,,,,72
server,client_mutation,completed,1788427335837287,178842683956183202,,,,1788427335834426,1788427335834426,1788427335837287,,,http_data_plane,,,,,2861
server,peer_replication_pull_request,sent,1788427335934157,178842683956183202,,,,,,,,,connected_peers=18,,,,,
server,peer_replication_merge_delta,completed,1788427336023652,178842683956183202,,7,,1788427336016266,1788427336023588,1788427336023652,,,"delta_len=65,sent_us=1788427336005226",,,,,64
server,client_mutation,completed,1788427336336429,178842683956183202,,,,1788427336334075,1788427336334075,1788427336336429,,,http_data_plane,,,,,2354
server,peer_replication_get_delta,completed,1788427336380724,178842683956183202,178842684426436101,7,,1788427336380562,1788427336380568,1788427336380724,,,"delta_len=61,sent_us=1788427336323062",,,,,156
server,client_mutation,completed,1788427336836109,178842683956183202,,,,1788427336833903,1788427336833903,1788427336836109,,,http_data_plane,,,,,2206
server,peer_replication_pull_request,sent,1788427336934010,178842683956183202,,,,,,,,,connected_peers=18,,,,,
server,peer_replication_merge_delta,completed,1788427337010511,178842683956183202,,7,,1788427337006534,1788427337010497,1788427337010511,,,"delta_len=11,sent_us=1788427336970312",,,,,14
server,client_mutation,completed,1788427337336684,178842683956183202,,,,1788427337334538,1788427337334538,1788427337336684,,,http_data_plane,,,,,2146
server,peer_replication_get_delta,completed,1788427337678817,178842683956183202,178842683956185201,7,,1788427337678734,1788427337678738,1788427337678817,,,"delta_len=220,sent_us=1788427337678106",,,,,79
server,client_mutation,completed,1788427337836376,178842683956183202,,,,1788427337834139,1788427337834139,1788427337836376,,,http_data_plane,,,,,2237
server,peer_replication_pull_request,sent,1788427337934142,178842683956183202,,,,,,,,,connected_peers=18,,,,,
server,peer_replication_merge_delta,completed,1788427337983464,178842683956183202,,7,,1788427337974267,1788427337983415,1788427337983464,,,"delta_len=93,sent_us=1788427337964050",,,,,49
server,client_mutation,completed,1788427338336453,178842683956183202,,,,1788427338334048,1788427338334048,1788427338336453,,,http_data_plane,,,,,2405
server,membership_directory_read,completed,1788427338601712,178842683956183202,,,,,1788427338554386,1788427338601712,,,poll:45 descriptors,,,,,47326
server,client_mutation,completed,1788427338837453,178842683956183202,,,,1788427338835208,1788427338835208,1788427338837453,,,http_data_plane,,,,,2245
server,peer_replication_pull_request,sent,1788427338934291,178842683956183202,,,,,,,,,connected_peers=18,,,,,
server,peer_replication_merge_delta,completed,1788427339056607,178842683956183202,,7,,1788427339053175,1788427339056593,1788427339056607,,,"delta_len=15,sent_us=1788427339015123",,,,,14
server,client_mutation,completed,1788427339337102,178842683956183202,,,,1788427339334460,1788427339334460,1788427339337102,,,http_data_plane,,,,,2642
server,peer_replication_get_delta,completed,1788427339602184,178842683956183202,178842683849156802,7,,1788427339602123,1788427339602128,1788427339602184,,,"delta_len=31,sent_us=1788427339565814",,,,,56
server,client_mutation,completed,1788427339836211,178842683956183202,,,,1788427339833920,1788427339833920,1788427339836211,,,http_data_plane,,,,,2291
server,peer_replication_pull_request,sent,1788427339933933,178842683956183202,,,,,,,,,connected_peers=18,,,,,
server,peer_replication_merge_delta,completed,1788427340055087,178842683956183202,,7,,1788427340050547,1788427340055064,1788427340055087,,,"delta_len=32,sent_us=1788427340014493",,,,,23
server,client_mutation,completed,1788427340336050,178842683956183202,,,,1788427340333999,1788427340333999,1788427340336050,,,http_data_plane,,,,,2051
server,client_mutation,completed,1788427340836815,178842683956183202,,,,1788427340834456,1788427340834456,1788427340836815,,,http_data_plane,,,,,2359
server,peer_replication_pull_request,sent,1788427340934714,178842683956183202,,,,,,,,,connected_peers=18,,,,,
server,peer_replication_merge_delta,completed,1788427340941048,178842683956183202,,7,,1788427340935967,1788427340941023,1788427340941048,,,"delta_len=37,sent_us=1788427340935436",,,,,25
server,peer_replication_get_delta,completed,1788427341151185,178842683956183202,178842684114093202,7,,1788427341150884,1788427341150890,1788427341151185,,,"delta_len=57,sent_us=1788427341120521",,,,,295
server,client_mutation,completed,1788427341337224,178842683956183202,,,,1788427341335031,1788427341335031,1788427341337224,,,http_data_plane,,,,,2193
server,peer_replication_get_delta,completed,1788427341722832,178842683956183202,178842683956185201,7,,1788427341722765,1788427341722770,1788427341722832,,,"delta_len=56,sent_us=1788427341677931",,,,,62
server,client_mutation,completed,1788427341836109,178842683956183202,,,,1788427341833946,1788427341833946,1788427341836109,,,http_data_plane,,,,,2163
server,peer_replication_pull_request,sent,1788427341934044,178842683956183202,,,,,,,,,connected_peers=18,,,,,
server,peer_replication_merge_delta,completed,1788427342022248,178842683956183202,,7,,1788427342015621,1788427342022204,1788427342022248,,,"delta_len=54,sent_us=1788427342005351",,,,,44
server,client_mutation,completed,1788427342337448,178842683956183202,,,,1788427342334293,1788427342334293,1788427342337448,,,http_data_plane,,,,,3155
server,peer_replication_get_delta,completed,1788427342691784,178842683956183202,178842684114091201,7,,1788427342691717,1788427342691721,1788427342691784,,,"delta_len=47,sent_us=1788427342661352",,,,,63
server,peer_replication_get_delta,completed,1788427342722844,178842683956183202,178842683956185201,7,,1788427342722790,1788427342722794,1788427342722844,,,"delta_len=15,sent_us=1788427342678480",,,,,50
server,client_mutation,completed,1788427342836081,178842683956183202,,,,1788427342833875,1788427342833875,1788427342836081,,,http_data_plane,,,,,2206
server,peer_replication_pull_request,sent,1788427342933931,178842683956183202,,,,,,,,,connected_peers=18,,,,,
server,peer_replication_merge_delta,completed,1788427342996993,178842683956183202,,7,,1788427342994267,1788427342996985,1788427342996993,,,"delta_len=5,sent_us=1788427342963991",,,,,8
server,client_mutation,completed,1788427343336196,178842683956183202,,,,1788427343333931,1788427343333931,1788427343336196,,,http_data_plane,,,,,2265
server,membership_directory_read,completed,1788427343599259,178842683956183202,,,,,1788427343554199,1788427343599259,,,poll:45 descriptors,,,,,45060
server,client_mutation,completed,1788427343836976,178842683956183202,,,,1788427343834221,1788427343834222,1788427343836976,,,http_data_plane,,,,,2754
server,peer_replication_pull_request,sent,1788427343933972,178842683956183202,,,,,,,,,connected_peers=18,,,,,
server,peer_replication_merge_delta,completed,1788427344019860,178842683956183202,,7,,1788427344006517,1788427344019797,1788427344019860,,,"delta_len=114,sent_us=1788427343970104",,,,,63
server,peer_replication_get_delta,completed,1788427344322817,178842683956183202,178842683956181201,7,,1788427344322748,1788427344322752,1788427344322817,,,"delta_len=123,sent_us=1788427344281892",,,,,65
server,client_mutation,completed,1788427344336134,178842683956183202,,,,1788427344333935,1788427344333936,1788427344336134,,,http_data_plane,,,,,2198
server,client_mutation,completed,1788427344836457,178842683956183202,,,,1788427344833834,1788427344833834,1788427344836457,,,http_data_plane,,,,,2623
server,peer_replication_pull_request,sent,1788427344934171,178842683956183202,,,,,,,,,connected_peers=18,,,,,
server,peer_replication_merge_delta,completed,1788427344997674,178842683956183202,,7,,1788427344993714,1788427344997654,1788427344997674,,,"delta_len=19,sent_us=1788427344963780",,,,,20
server,client_mutation,completed,1788427345336312,178842683956183202,,,,1788427345333909,1788427345333909,1788427345336312,,,http_data_plane,,,,,2403
server,peer_replication_get_delta,completed,1788427345722925,178842683956183202,178842683956185201,7,,1788427345722859,1788427345722865,1788427345722925,,,"delta_len=116,sent_us=1788427345678128",,,,,60
server,client_mutation,completed,1788427345836868,178842683956183202,,,,1788427345834300,1788427345834300,1788427345836868,,,http_data_plane,,,,,2568
server,peer_replication_pull_request,sent,1788427345934745,178842683956183202,,,,,,,,,connected_peers=18,,,,,
server,client_mutation,completed,1788427346336235,178842683956183202,,,,1788427346333966,1788427346333966,1788427346336235,,,http_data_plane,,,,,2269
server,peer_replication_get_delta,completed,1788427346386504,178842683956183202,178842683956184202,7,,1788427346386329,1788427346386333,1788427346386504,,,"delta_len=33,sent_us=1788427346385578",,,,,171
server,client_mutation,completed,1788427346836178,178842683956183202,,,,1788427346833873,1788427346833873,1788427346836178,,,http_data_plane,,,,,2305
server,peer_replication_pull_request,sent,1788427346933953,178842683956183202,,,,,,,,,connected_peers=18,,,,,
server,peer_replication_merge_delta,completed,1788427346942497,178842683956183202,,7,,1788427346935157,1788427346942440,1788427346942497,,,"delta_len=66,sent_us=1788427346934449",,,,,57
server,client_mutation,completed,1788427347336134,178842683956183202,,,,1788427347333943,1788427347333943,1788427347336134,,,http_data_plane,,,,,2191
server,peer_replication_get_delta,completed,1788427347732626,178842683956183202,178842684114091201,7,,1788427347732563,1788427347732568,1788427347732626,,,"delta_len=38,sent_us=1788427347661550",,,,,58
server,client_mutation,completed,1788427347836481,178842683956183202,,,,1788427347834001,1788427347834001,1788427347836481,,,http_data_plane,,,,,2480
server,peer_replication_pull_request,sent,1788427347934293,178842683956183202,,,,,,,,,connected_peers=18,,,,,
server,peer_replication_merge_delta,completed,1788427348035344,178842683956183202,,7,,1788427348026354,1788427348035200,1788427348035344,,,"delta_len=84,sent_us=1788427348014175",,,,,144
server,peer_replication_get_delta,completed,1788427348150552,178842683956183202,178842684114093202,7,,1788427348150487,1788427348150492,1788427348150552,,,"delta_len=55,sent_us=1788427348120331",,,,,60
server,client_mutation,completed,1788427348336101,178842683956183202,,,,1788427348333877,1788427348333877,1788427348336101,,,http_data_plane,,,,,2224
server,membership_directory_read,completed,1788427348598285,178842683956183202,,,,,1788427348554020,1788427348598285,,,poll:45 descriptors,,,,,44265
server,peer_replication_get_delta,completed,1788427348602103,178842683956183202,178842683849156802,7,,1788427348602040,1788427348602045,1788427348602103,,,"delta_len=39,sent_us=1788427348566142",,,,,58
server,client_mutation,completed,1788427348836071,178842683956183202,,,,1788427348833932,1788427348833933,1788427348836071,,,http_data_plane,,,,,2138
server,peer_replication_get_delta,completed,1788427348926472,178842683956183202,178842683849158801,7,,1788427348926367,1788427348926372,1788427348926472,,,"delta_len=29,sent_us=1788427348846899",,,,,100
server,peer_replication_pull_request,sent,1788427348934653,178842683956183202,,,,,,,,,connected_peers=18,,,,,
server,peer_replication_merge_delta,completed,1788427348957252,178842683956183202,,7,,1788427348951037,1788427348957216,1788427348957252,,,"delta_len=62,sent_us=1788427348946663",,,,,36
server,client_mutation,completed,1788427349336446,178842683956183202,,,,1788427349333969,1788427349333969,1788427349336446,,,http_data_plane,,,,,2477
server,client_mutation,completed,1788427349836162,178842683956183202,,,,1788427349833895,1788427349833895,1788427349836162,,,http_data_plane,,,,,2267
server,peer_replication_pull_request,sent,1788427349934031,178842683956183202,,,,,,,,,connected_peers=18,,,,,
server,peer_replication_merge_delta,completed,1788427350002510,178842683956183202,,7,,1788427349997488,1788427350002483,1788427350002510,,,"delta_len=36,sent_us=1788427349993105",,,,,27
server,client_mutation,completed,1788427350336127,178842683956183202,,,,1788427350333855,1788427350333855,1788427350336127,,,http_data_plane,,,,,2272
server,peer_replication_get_delta,completed,1788427350732622,178842683956183202,178842684114091201,7,,1788427350732558,1788427350732563,1788427350732622,,,"delta_len=36,sent_us=1788427350661370",,,,,59
server,client_mutation,completed,1788427350836373,178842683956183202,,,,1788427350833938,1788427350833938,1788427350836373,,,http_data_plane,,,,,2435
server,peer_replication_pull_request,sent,1788427350934203,178842683956183202,,,,,,,,,connected_peers=18,,,,,
server,peer_replication_merge_delta,completed,1788427351024011,178842683956183202,,7,,1788427351015508,1788427351023920,1788427351024011,,,"delta_len=86,sent_us=1788427351005006",,,,,91
server,client_mutation,completed,1788427351336000,178842683956183202,,,,1788427351333867,1788427351333867,1788427351336000,,,http_data_plane,,,,,2133
server,peer_replication_get_delta,completed,1788427351646308,178842683956183202,178842683849156802,7,,1788427351646233,1788427351646237,1788427351646308,,,"delta_len=148,sent_us=1788427351566171",,,,,71
server,client_mutation,completed,1788427351836591,178842683956183202,,,,1788427351833958,1788427351833958,1788427351836591,,,http_data_plane,,,,,2633
server,peer_replication_pull_request,sent,1788427351934419,178842683956183202,,,,,,,,,connected_peers=18,,,,,
server,peer_replication_merge_delta,completed,1788427352057395,178842683956183202,,7,,1788427352051978,1788427352057367,1788427352057395,,,"delta_len=34,sent_us=1788427352015327",,,,,28
server,client_mutation,completed,1788427352336262,178842683956183202,,,,1788427352334179,1788427352334179,1788427352336262,,,http_data_plane,,,,,2083
server,client_mutation,completed,1788427352835980,178842683956183202,,,,1788427352833878,1788427352833878,1788427352835980,,,http_data_plane,,,,,2102
server,peer_replication_pull_request,sent,1788427352934708,178842683956183202,,,,,,,,,connected_peers=18,,,,,
server,peer_replication_merge_delta,completed,1788427352987311,178842683956183202,,7,,1788427352983444,1788427352987289,1788427352987311,,,"delta_len=22,sent_us=1788427352982913",,,,,22
server,client_mutation,completed,1788427353336103,178842683956183202,,,,1788427353333829,1788427353333829,1788427353336103,,,http_data_plane,,,,,2274
server,membership_directory_read,completed,1788427353595134,178842683956183202,,,,,1788427353553950,1788427353595134,,,poll:45 descriptors,,,,,41184
server,peer_replication_get_delta,completed,1788427353732646,178842683956183202,178842684114091201,7,,1788427353732588,1788427353732593,1788427353732646,,,"delta_len=23,sent_us=1788427353661134",,,,,53
server,client_mutation,completed,1788427353836479,178842683956183202,,,,1788427353834028,1788427353834028,1788427353836479,,,http_data_plane,,,,,2451
server,peer_replication_pull_request,sent,1788427353934222,178842683956183202,,,,,,,,,connected_peers=18,,,,,
server,peer_replication_merge_delta,completed,1788427353987717,178842683956183202,,7,,1788427353982307,1788427353987680,1788427353987717,,,"delta_len=49,sent_us=1788427353969748",,,,,37
server,client_mutation,completed,1788427354336140,178842683956183202,,,,1788427354333850,1788427354333850,1788427354336140,,,http_data_plane,,,,,2290
server,client_mutation,completed,1788427354836982,178842683956183202,,,,1788427354833954,1788427354833954,1788427354836982,,,http_data_plane,,,,,3028
server,peer_replication_pull_request,sent,1788427354934679,178842683956183202,,,,,,,,,connected_peers=18,,,,,
server,peer_replication_merge_delta,completed,1788427355002966,178842683956183202,,7,,1788427354997530,1788427355002934,1788427355002966,,,"delta_len=54,sent_us=1788427354993059",,,,,32
server,peer_replication_get_delta,completed,1788427355332822,178842683956183202,178842683956181201,7,,1788427355332757,1788427355332761,1788427355332822,,,"delta_len=107,sent_us=1788427355281828",,,,,61
server,client_mutation,completed,1788427355336272,178842683956183202,,,,1788427355334116,1788427355334116,1788427355336272,,,http_data_plane,,,,,2156
server,peer_replication_get_delta,completed,1788427355512863,178842683956183202,178842683956182202,7,,1788427355512797,1788427355512802,1788427355512863,,,"delta_len=73,sent_us=1788427355466925",,,,,61
server,client_mutation,completed,1788427355835948,178842683956183202,,,,1788427355833876,1788427355833876,1788427355835948,,,http_data_plane,,,,,2072
server,peer_replication_pull_request,sent,1788427355934695,178842683956183202,,,,,,,,,connected_peers=18,,,,,
server,peer_replication_merge_delta,completed,1788427356032682,178842683956183202,,7,,1788427356026532,1788427356032646,1788427356032682,,,"delta_len=54,sent_us=1788427356014220",,,,,36
server,peer_replication_get_delta,completed,1788427356333107,178842683956183202,178842683956181201,7,,1788427356333022,1788427356333026,1788427356333107,,,"delta_len=8,sent_us=1788427356285196",,,,,81
server,client_mutation,completed,1788427356336465,178842683956183202,,,,1788427356334197,1788427356334198,1788427356336465,,,http_data_plane,,,,,2267
server,peer_replication_get_delta,completed,1788427356732930,178842683956183202,178842684114091201,7,,1788427356732863,1788427356732868,1788427356732930,,,"delta_len=79,sent_us=1788427356660977",,,,,62
server,peer_replication_get_delta,completed,1788427356774262,178842683956183202,178842683849157801,7,,1788427356774197,1788427356774202,1788427356774262,,,"delta_len=5,sent_us=1788427356737481",,,,,60
server,client_mutation,completed,1788427356836376,178842683956183202,,,,1788427356834027,1788427356834028,1788427356836376,,,http_data_plane,,,,,2348
server,peer_replication_pull_request,sent,1788427356934779,178842683956183202,,,,,,,,,connected_peers=18,,,,,
server,peer_replication_merge_delta,completed,1788427357025647,178842683956183202,,7,,1788427357018101,1788427357025302,1788427357025647,,,"delta_len=58,sent_us=1788427357005029",,,,,345
server,client_mutation,completed,1788427357336346,178842683956183202,,,,1788427357334107,1788427357334107,1788427357336346,,,http_data_plane,,,,,2239
server,client_mutation,completed,1788427357836444,178842683956183202,,,,1788427357834196,1788427357834196,1788427357836444,,,http_data_plane,,,,,2248
server,peer_replication_pull_request,sent,1788427357934191,178842683956183202,,,,,,,,,connected_peers=18,,,,,
server,peer_replication_merge_delta,completed,1788427357993393,178842683956183202,,7,,1788427357987259,1788427357993251,1788427357993393,,,"delta_len=53,sent_us=1788427357986553",,,,,142
server,client_mutation,completed,1788427358336276,178842683956183202,,,,1788427358334140,1788427358334140,1788427358336276,,,http_data_plane,,,,,2136
server,peer_replication_get_delta,completed,1788427358386454,178842683956183202,178842683956184202,7,,1788427358386380,1788427358386384,1788427358386454,,,"delta_len=97,sent_us=1788427358385819",,,,,70
server,membership_directory_read,completed,1788427358598513,178842683956183202,,,,,1788427358553956,1788427358598513,,,poll:45 descriptors,,,,,44557
server,client_mutation,completed,1788427358836250,178842683956183202,,,,1788427358834041,1788427358834041,1788427358836250,,,http_data_plane,,,,,2209
server,peer_replication_pull_request,sent,1788427358934150,178842683956183202,,,,,,,,,connected_peers=18,,,,,
server,peer_replication_merge_delta,completed,1788427358941396,178842683956183202,,7,,1788427358935263,1788427358941361,1788427358941396,,,"delta_len=48,sent_us=1788427358934664",,,,,35
server,peer_replication_get_delta,completed,1788427359192762,178842683956183202,178842684114093202,7,,1788427359192597,1788427359192603,1788427359192762,,,"delta_len=40,sent_us=1788427359120785",,,,,159
server,client_mutation,completed,1788427359336184,178842683956183202,,,,1788427359333915,1788427359333915,1788427359336184,,,http_data_plane,,,,,2269
server,peer_replication_get_delta,completed,1788427359632549,178842683956183202,178842684114092202,7,,1788427359632490,1788427359632495,1788427359632549,,,"delta_len=28,sent_us=1788427359553651",,,,,54
server,client_mutation,completed,1788427359836200,178842683956183202,,,,1788427359833913,1788427359833913,1788427359836200,,,http_data_plane,,,,,2287
server,peer_replication_pull_request,sent,1788427359934004,178842683956183202,,,,,,,,,connected_peers=18,,,,,
server,peer_replication_merge_delta,completed,1788427359940134,178842683956183202,,7,,1788427359936737,1788427359940115,1788427359940134,,,"delta_len=12,sent_us=1788427359936299",,,,,19
server,client_mutation,completed,1788427360336187,178842683956183202,,,,1788427360333914,1788427360333914,1788427360336187,,,http_data_plane,,,,,2273
server,peer_replication_get_delta,completed,1788427360632432,178842683956183202,178842684114092202,7,,1788427360632362,1788427360632366,1788427360632432,,,"delta_len=14,sent_us=1788427360553098",,,,,66
server,client_mutation,completed,1788427360836409,178842683956183202,,,,1788427360834213,1788427360834214,1788427360836409,,,http_data_plane,,,,,2195
server,peer_replication_pull_request,sent,1788427360934146,178842683956183202,,,,,,,,,connected_peers=18,,,,,
server,peer_replication_merge_delta,completed,1788427360987250,178842683956183202,,7,,1788427360983447,1788427360987228,1788427360987250,,,"delta_len=18,sent_us=1788427360982857",,,,,22
server,client_mutation,completed,1788427361336226,178842683956183202,,,,1788427361333971,1788427361333971,1788427361336226,,,http_data_plane,,,,,2255
server,peer_replication_get_delta,completed,1788427361816618,178842683956183202,178842683849157801,7,,1788427361816558,1788427361816563,1788427361816618,,,"delta_len=25,sent_us=1788427361735679",,,,,55
server,client_mutation,completed,1788427361836618,178842683956183202,,,,1788427361834192,1788427361834192,1788427361836618,,,http_data_plane,,,,,2426
server,peer_replication_pull_request,sent,1788427361934424,178842683956183202,,,,,,,,,connected_peers=18,,,,,
server,peer_replication_merge_delta,completed,1788427362020739,178842683956183202,,7,,1788427362006607,1788427362020605,1788427362020739,,,"delta_len=126,sent_us=1788427361993277",,,,,134
server,client_mutation,completed,1788427362337400,178842683956183202,,,,1788427362335225,1788427362335225,1788427362337400,,,http_data_plane,,,,,2175
server,peer_replication_get_delta,completed,1788427362378195,178842683956183202,178842684114090201,7,,1788427362378030,1788427362378035,1788427362378195,,,"delta_len=120,sent_us=1788427362347750",,,,,160
server,client_mutation,completed,1788427362836382,178842683956183202,,,,1788427362834133,1788427362834133,1788427362836382,,,http_data_plane,,,,,2249
server,peer_replication_pull_request,sent,1788427362934143,178842683956183202,,,,,,,,,connected_peers=18,,,,,
server,peer_replication_merge_delta,completed,1788427362988124,178842683956183202,,7,,1788427362981996,1788427362988089,1788427362988124,,,"delta_len=52,sent_us=1788427362964480",,,,,35
server,client_mutation,completed,1788427363336370,178842683956183202,,,,1788427363334135,1788427363334135,1788427363336370,,,http_data_plane,,,,,2235
server,membership_directory_read,completed,1788427363593999,178842683956183202,,,,,1788427363554053,1788427363593999,,,poll:45 descriptors,,,,,39946
server,client_mutation,completed,1788427363837389,178842683956183202,,,,1788427363835195,1788427363835196,1788427363837389,,,http_data_plane,,,,,2193
server,peer_replication_pull_request,sent,1788427363934372,178842683956183202,,,,,,,,,connected_peers=18,,,,,
server,peer_replication_merge_delta,completed,1788427364068508,178842683956183202,,7,,1788427364064705,1788427364068434,1788427364068508,,,"delta_len=20,sent_us=1788427364025720",,,,,74
server,client_mutation,completed,1788427364336402,178842683956183202,,,,1788427364333991,1788427364333991,1788427364336402,,,http_data_plane,,,,,2411
server,peer_replication_get_delta,completed,1788427364380728,178842683956183202,178842684426436101,7,,1788427364380667,1788427364380672,1788427364380728,,,"delta_len=32,sent_us=1788427364323039",,,,,56
server,peer_replication_get_delta,completed,1788427364386935,178842683956183202,178842683956184202,7,,1788427364386867,1788427364386871,1788427364386935,,,"delta_len=95,sent_us=1788427364385715",,,,,64
server,peer_replication_get_delta,completed,1788427364512816,178842683956183202,178842683956182202,7,,1788427364512746,1788427364512751,1788427364512816,,,"delta_len=75,sent_us=1788427364467343",,,,,65
server,client_mutation,completed,1788427364837078,178842683956183202,,,,1788427364833928,1788427364833928,1788427364837078,,,http_data_plane,,,,,3150
server,peer_replication_get_delta,completed,1788427364926301,178842683956183202,178842683849158801,7,,1788427364926228,1788427364926234,1788427364926301,,,"delta_len=83,sent_us=1788427364844101",,,,,67
server,peer_replication_pull_request,sent,1788427364934487,178842683956183202,,,,,,,,,connected_peers=18,,,,,
server,peer_replication_merge_delta,completed,1788427365021369,178842683956183202,,7,,1788427365015590,1788427365021314,1788427365021369,,,"delta_len=51,sent_us=1788427365005279",,,,,55
server,client_mutation,completed,1788427365336028,178842683956183202,,,,1788427365333949,1788427365333949,1788427365336028,,,http_data_plane,,,,,2079
server,peer_replication_get_delta,completed,1788427365722809,178842683956183202,178842683956185201,7,,1788427365722750,1788427365722755,1788427365722809,,,"delta_len=27,sent_us=1788427365677965",,,,,54
server,client_mutation,completed,1788427365836454,178842683956183202,,,,1788427365834212,1788427365834212,1788427365836454,,,http_data_plane,,,,,2242
server,peer_replication_pull_request,sent,1788427365934408,178842683956183202,,,,,,,,,connected_peers=18,,,,,
server,peer_replication_get_delta,completed,1788427365936651,178842683956183202,178842683849158801,7,,1788427365936578,1788427365936582,1788427365936651,,,"delta_len=41,sent_us=1788427365847148",,,,,69
server,peer_replication_merge_delta,completed,1788427365956574,178842683956183202,,7,,1788427365951048,1788427365956538,1788427365956574,,,"delta_len=58,sent_us=1788427365946604",,,,,36
server,client_mutation,completed,1788427366336275,178842683956183202,,,,1788427366334070,1788427366334070,1788427366336275,,,http_data_plane,,,,,2205
server,client_mutation,completed,1788427366836078,178842683956183202,,,,1788427366833929,1788427366833929,1788427366836078,,,http_data_plane,,,,,2149
server,peer_replication_pull_request,sent,1788427366934068,178842683956183202,,,,,,,,,connected_peers=18,,,,,
server,peer_replication_merge_delta,completed,1788427366996729,178842683956183202,,7,,1788427366992942,1788427366996700,1788427366996729,,,"delta_len=21,sent_us=1788427366934700",,,,,29
server,client_mutation,completed,1788427367336062,178842683956183202,,,,1788427367333931,1788427367333932,1788427367336062,,,http_data_plane,,,,,2130
server,peer_replication_get_delta,completed,1788427367722991,178842683956183202,178842683956185201,7,,1788427367722865,1788427367722871,1788427367722991,,,"delta_len=62,sent_us=1788427367677967",,,,,120
server,client_mutation,completed,1788427367837164,178842683956183202,,,,1788427367834136,1788427367834136,1788427367837164,,,http_data_plane,,,,,3028
server,peer_replication_pull_request,sent,1788427367933992,178842683956183202,,,,,,,,,connected_peers=18,,,,,
server,peer_replication_merge_delta,completed,1788427367981041,178842683956183202,,7,,1788427367974316,1788427367980992,1788427367981041,,,"delta_len=56,sent_us=1788427367963983",,,,,49
server,client_mutation,completed,1788427368336146,178842683956183202,,,,1788427368334003,1788427368334003,1788427368336146,,,http_data_plane,,,,,2143
server,membership_directory_read,completed,1788427368596287,178842683956183202,,,,,1788427368554464,1788427368596287,,,poll:45 descriptors,,,,,41823
server,peer_replication_get_delta,completed,1788427368646495,178842683956183202,178842683849156802,7,,1788427368646427,1788427368646431,1788427368646495,,,"delta_len=60,sent_us=1788427368568631",,,,,64
server,client_mutation,completed,1788427368836562,178842683956183202,,,,1788427368834090,1788427368834091,1788427368836562,,,http_data_plane,,,,,2471
server,peer_replication_pull_request,sent,1788427368934435,178842683956183202,,,,,,,,,connected_peers=18,,,,,
server,peer_replication_merge_delta,completed,1788427368979954,178842683956183202,,7,,1788427368974223,1788427368979922,1788427368979954,,,"delta_len=42,sent_us=1788427368963975",,,,,32
server,client_mutation,completed,1788427369336323,178842683956183202,,,,1788427369333921,1788427369333921,1788427369336323,,,http_data_plane,,,,,2402
server,peer_replication_get_delta,completed,1788427369403957,178842683956183202,178842683849155802,7,,1788427369403888,1788427369403892,1788427369403957,,,"delta_len=44,sent_us=1788427369366752",,,,,65
server,peer_replication_get_delta,completed,1788427369732673,178842683956183202,178842684114091201,7,,1788427369732610,1788427369732615,1788427369732673,,,"delta_len=45,sent_us=1788427369660582",,,,,58
server,peer_replication_get_delta,completed,1788427369816546,178842683956183202,178842683849157801,7,,1788427369816489,1788427369816493,1788427369816546,,,"delta_len=13,sent_us=1788427369736504",,,,,53
server,client_mutation,completed,1788427369836128,178842683956183202,,,,1788427369833904,1788427369833904,1788427369836128,,,http_data_plane,,,,,2224
server,peer_replication_pull_request,sent,1788427369933939,178842683956183202,,,,,,,,,connected_peers=18,,,,,
server,peer_replication_merge_delta,completed,1788427370033138,178842683956183202,,7,,1788427370027149,1788427370033087,1788427370033138,,,"delta_len=46,sent_us=1788427370014913",,,,,51
server,client_mutation,completed,1788427370336101,178842683956183202,,,,1788427370333850,1788427370333850,1788427370336101,,,http_data_plane,,,,,2251
server,client_mutation,completed,1788427370836606,178842683956183202,,,,1788427370834375,1788427370834376,1788427370836606,,,http_data_plane,,,,,2230
server,peer_replication_pull_request,sent,1788427370934445,178842683956183202,,,,,,,,,connected_peers=18,,,,,
server,peer_replication_merge_delta,completed,1788427371032660,178842683956183202,,7,,1788427371026760,1788427371032627,1788427371032660,,,"delta_len=45,sent_us=1788427371014443",,,,,33
server,client_mutation,completed,1788427371336041,178842683956183202,,,,1788427371333890,1788427371333890,1788427371336041,,,http_data_plane,,,,,2151
server,peer_replication_get_delta,completed,1788427371386396,178842683956183202,178842683956184202,7,,1788427371386142,1788427371386148,1788427371386396,,,"delta_len=51,sent_us=1788427371385405",,,,,248
server,client_mutation,completed,1788427371837453,178842683956183202,,,,1788427371834752,1788427371834752,1788427371837453,,,http_data_plane,,,,,2701
server,peer_replication_pull_request,sent,1788427371934532,178842683956183202,,,,,,,,,connected_peers=18,,,,,
server,peer_replication_merge_delta,completed,1788427371948430,178842683956183202,,7,,1788427371935839,1788427371948388,1788427371948430,,,"delta_len=67,sent_us=1788427371935096",,,,,42
server,client_mutation,completed,1788427372336382,178842683956183202,,,,1788427372334182,1788427372334182,1788427372336382,,,http_data_plane,,,,,2200
server,peer_replication_get_delta,completed,1788427372380585,178842683956183202,178842684426436101,7,,1788427372380523,1788427372380528,1788427372380585,,,"delta_len=22,sent_us=1788427372323265",,,,,57
server,peer_replication_get_delta,completed,1788427372732929,178842683956183202,178842684114091201,7,,1788427372732855,1788427372732860,1788427372732929,,,"delta_len=110,sent_us=1788427372661349",,,,,69
server,client_mutation,completed,1788427372836135,178842683956183202,,,,1788427372833946,1788427372833947,1788427372836135,,,http_data_plane,,,,,2188
server,peer_replication_pull_request,sent,1788427372933859,178842683956183202,,,,,,,,,connected_peers=18,,,,,
server,peer_replication_merge_delta,completed,1788427373055726,178842683956183202,,7,,1788427373051989,1788427373055703,1788427373055726,,,"delta_len=24,sent_us=1788427373015727",,,,,23
server,client_mutation,completed,1788427373336321,178842683956183202,,,,1788427373333914,1788427373333914,1788427373336321,,,http_data_plane,,,,,2407
server,membership_directory_read,completed,1788427373607944,178842683956183202,,,,,1788427373554292,1788427373607944,,,poll:45 descriptors,,,,,53652
server,client_mutation,completed,1788427373836994,178842683956183202,,,,1788427373834025,1788427373834025,1788427373836994,,,http_data_plane,,,,,2969
server,peer_replication_pull_request,sent,1788427373934241,178842683956183202,,,,,,,,,connected_peers=18,,,,,
server,peer_replication_merge_delta,completed,1788427373997922,178842683956183202,,7,,1788427373993349,1788427373997896,1788427373997922,,,"delta_len=29,sent_us=1788427373992861",,,,,26
server,client_mutation,completed,1788427374336285,178842683956183202,,,,1788427374334030,1788427374334030,1788427374336285,,,http_data_plane,,,,,2255
server,client_mutation,completed,1788427374836351,178842683956183202,,,,1788427374834044,1788427374834044,1788427374836351,,,http_data_plane,,,,,2307
server,peer_replication_get_delta,completed,1788427374881431,178842683956183202,178842683849158801,7,,1788427374881376,1788427374881381,1788427374881431,,,"delta_len=8,sent_us=1788427374845302",,,,,50
server,peer_replication_pull_request,sent,1788427374933768,178842683956183202,,,,,,,,,connected_peers=18,,,,,
server,peer_replication_merge_delta,completed,1788427375032536,178842683956183202,,7,,1788427375027043,1788427375032497,1788427375032536,,,"delta_len=51,sent_us=1788427375014767",,,,,39
server,peer_replication_get_delta,completed,1788427375282653,178842683956183202,178842683956181201,7,,1788427375282589,1788427375282593,1788427375282653,,,"delta_len=56,sent_us=1788427375282102",,,,,60
server,client_mutation,completed,1788427375335974,178842683956183202,,,,1788427375333875,1788427375333875,1788427375335974,,,http_data_plane,,,,,2099
server,peer_replication_get_delta,completed,1788427375432811,178842683956183202,178842683956184202,7,,1788427375432747,1788427375432752,1788427375432811,,,"delta_len=53,sent_us=1788427375385235",,,,,59
server,client_mutation,completed,1788427375836155,178842683956183202,,,,1788427375833928,1788427375833928,1788427375836155,,,http_data_plane,,,,,2227
server,peer_replication_pull_request,sent,1788427375933975,178842683956183202,,,,,,,,,connected_peers=18,,,,,
server,peer_replication_merge_delta,completed,1788427376039272,178842683956183202,,7,,1788427376034595,1788427376039244,1788427376039272,,,"delta_len=30,sent_us=1788427376004916",,,,,28
server,gc_init,start,1788427376081054,178842683956183202,,8,,,,,,,previous_gc_marker=7,,,,,
server,gc_membership_descriptor_write,completed,1788427376132751,178842683956183202,,8,,,,,,,"178842683956183202,52.59.198.67:19082,8",,,,,
server,membership_directory_read,completed,1788427376177092,178842683956183202,,8,,,1788427376132782,1788427376177092,,,gc_validation:46 descriptors,,,,,44310
server,gc_local_collect,completed,1788427376178823,178842683956183202,,8,,,1788427376177218,1788427376178823,,,departed_pids=None,,,,,1605
server,gc_persistent_state_write,completed,1788427376444394,178842683956183202,,8,,,1788427376178879,1788427376444394,,,state_bytes=1912914,,,,,265515
server,gc_finalize,completed,1788427376583849,178842683956183202,,8,,,,,,,"178842683956183202,52.59.198.67:19082,7",,,,,
server,client_mutation,completed,1788427376337406,178842683956183202,,,,1788427376334807,1788427376334807,1788427376337406,,,http_data_plane,,,,,2599
server,client_mutation,completed,1788427376836509,178842683956183202,,,,1788427376834057,1788427376834057,1788427376836509,,,http_data_plane,,,,,2452
server,peer_replication_pull_request,sent,1788427376934263,178842683956183202,,,,,,,,,connected_peers=18,,,,,
server,peer_replication_merge_delta,refused_stale_gc,1788427377011090,178842683956183202,,7,1788427376972773,1788427377011089,,,,,"remote_gc_counter=7,current_gc_counter=8,delta_len=34",,,,,1
server,client_mutation,completed,1788427377335866,178842683956183202,,,,1788427377333864,1788427377333864,1788427377335866,,,http_data_plane,,,,,2002
server,peer_replication_get_delta,completed,1788427377732580,178842683956183202,178842684114091201,8,,1788427377732519,1788427377732523,1788427377732580,,,"delta_len=56,sent_us=1788427377660604",,,,,57
server,client_mutation,completed,1788427377836139,178842683956183202,,,,1788427377833894,1788427377833894,1788427377836139,,,http_data_plane,,,,,2245
server,client_mutation,completed,1788427378335961,178842683956183202,,,,1788427378333865,1788427378333865,1788427378335961,,,http_data_plane,,,,,2096
server,peer_replication_connection,established,1788427378540739,178842683956183202,178842684426432102,,,,,,,,,,,,,
server,membership_directory_read,completed,1788427378650474,178842683956183202,,,,,1788427378554086,1788427378650474,,,poll:48 descriptors,,,,,96388
server,peer_replication_connection,established,1788427378656137,178842683956183202,178842684286996602,,,,,,,,,,,,,
server,client_mutation,completed,1788427378836487,178842683956183202,,,,1788427378834365,1788427378834365,1788427378836487,,,http_data_plane,,,,,2122
server,peer_replication_pull_request,sent,1788427378934264,178842683956183202,,,,,,,,,connected_peers=19,,,,,
server,peer_replication_merge_delta,refused_stale_gc,1788427379036275,178842683956183202,,7,1788427379005168,1788427379036274,,,,,"remote_gc_counter=7,current_gc_counter=8,delta_len=107",,,,,1
server,peer_replication_connection,established,1788427379246006,178842683956183202,178842684286997602,,,,,,,,,,,,,
server,peer_replication_get_delta,completed,1788427379332834,178842683956183202,178842683956181201,8,,1788427379332779,1788427379332783,1788427379332834,,,"delta_len=8,sent_us=1788427379282180",,,,,51
server,client_mutation,completed,1788427379336597,178842683956183202,,,,1788427379334161,1788427379334161,1788427379336597,,,http_data_plane,,,,,2436
server,peer_replication_get_delta,completed,1788427379771674,178842683956183202,178842683849157801,8,,1788427379771618,1788427379771623,1788427379771674,,,"delta_len=8,sent_us=1788427379735553",,,,,51
server,client_mutation,completed,1788427379836350,178842683956183202,,,,1788427379834089,1788427379834089,1788427379836350,,,http_data_plane,,,,,2261
server,peer_replication_pull_request,sent,1788427379934109,178842683956183202,,,,,,,,,connected_peers=20,,,,,
server,peer_replication_merge_delta,refused_stale_gc,1788427380035719,178842683956183202,,7,1788427380005260,1788427380035718,,,,,"remote_gc_counter=7,current_gc_counter=8,delta_len=127",,,,,1
server,client_mutation,completed,1788427380336635,178842683956183202,,,,1788427380333842,1788427380333842,1788427380336635,,,http_data_plane,,,,,2793
server,client_mutation,completed,1788427380836323,178842683956183202,,,,1788427380834000,1788427380834000,1788427380836323,,,http_data_plane,,,,,2323
server,peer_replication_pull_request,sent,1788427380934050,178842683956183202,,,,,,,,,connected_peers=20,,,,,
server,peer_replication_merge_delta,completed,1788427381031671,178842683956183202,,8,,1788427381018024,1788427381031571,1788427381031671,,,"delta_len=179,sent_us=1788427380971346",,,,,100
server,peer_replication_get_delta,completed,1788427381210218,178842683956183202,178842683849154802,8,,1788427381210147,1788427381210151,1788427381210218,,,"delta_len=42,sent_us=1788427381174057",,,,,67
server,client_mutation,completed,1788427381339912,178842683956183202,,,,1788427381333964,1788427381333964,1788427381339912,,,http_data_plane,,,,,5948
server,peer_replication_get_delta,completed,1788427381380541,178842683956183202,178842684426436101,8,,1788427381380473,1788427381380478,1788427381380541,,,"delta_len=55,sent_us=1788427381323318",,,,,63
server,peer_replication_get_delta,completed,1788427381433944,178842683956183202,178842683956184202,8,,1788427381433884,1788427381433889,1788427381433944,,,"delta_len=21,sent_us=1788427381386152",,,,,55
server,client_mutation,completed,1788427381836364,178842683956183202,,,,1788427381833942,1788427381833942,1788427381836364,,,http_data_plane,,,,,2422
server,peer_replication_pull_request,sent,1788427381934284,178842683956183202,,,,,,,,,connected_peers=20,,,,,
server,peer_replication_merge_delta,completed,1788427382035205,178842683956183202,,8,,1788427382027810,1788427382035151,1788427382035205,,,"delta_len=47,sent_us=1788427382015163",,,,,54
server,client_mutation,completed,1788427382336142,178842683956183202,,,,1788427382333936,1788427382333936,1788427382336142,,,http_data_plane,,,,,2206
server,client_mutation,completed,1788427382835994,178842683956183202,,,,1788427382833851,1788427382833852,1788427382835994,,,http_data_plane,,,,,2142
server,peer_replication_get_delta,completed,1788427383256455,178842683956183202,178842683849154802,8,,1788427383256388,1788427383256393,1788427383256455,,,"delta_len=43,sent_us=1788427383173459",,,,,62
server,client_mutation,completed,1788427383336285,178842683956183202,,,,1788427383334022,1788427383334022,1788427383336285,,,http_data_plane,,,,,2263
server,membership_directory_read,completed,1788427383594646,178842683956183202,,,,,1788427383554548,1788427383594646,,,poll:52 descriptors,,,,,40098
server,client_mutation,completed,1788427383836565,178842683956183202,,,,1788427383834087,1788427383834087,1788427383836565,,,http_data_plane,,,,,2478
server,peer_replication_pull_request,sent,1788427383934388,178842683956183202,,,,,,,,,connected_peers=19,,,,,
server,peer_replication_merge_delta,completed,1788427384020909,178842683956183202,,8,,1788427384014984,1788427384020872,1788427384020909,,,"delta_len=55,sent_us=1788427384004901",,,,,37
server,client_mutation,completed,1788427384336330,178842683956183202,,,,1788427384334023,1788427384334023,1788427384336330,,,http_data_plane,,,,,2307
server,peer_replication_get_delta,completed,1788427384616174,178842683956183202,178842684114094202,8,,1788427384616114,1788427384616120,1788427384616174,,,"delta_len=6,sent_us=1788427384586335",,,,,54
server,client_mutation,completed,1788427384836113,178842683956183202,,,,1788427384833930,1788427384833931,1788427384836113,,,http_data_plane,,,,,2182
server,peer_replication_pull_request,sent,1788427384933933,178842683956183202,,,,,,,,,connected_peers=19,,,,,
server,peer_replication_merge_delta,completed,1788427385007554,178842683956183202,,8,,1788427384994341,1788427385007433,1788427385007554,,,"delta_len=170,sent_us=1788427384963900",,,,,121
server,client_mutation,completed,1788427385336510,178842683956183202,,,,1788427385334094,1788427385334094,1788427385336510,,,http_data_plane,,,,,2416
server,peer_replication_get_delta,completed,1788427385422224,178842683956183202,178842684114090201,8,,1788427385422162,1788427385422168,1788427385422224,,,"delta_len=26,sent_us=1788427385347801",,,,,56
server,client_mutation,completed,1788427385837210,178842683956183202,,,,1788427385833892,1788427385833892,1788427385837210,,,http_data_plane,,,,,3318
server,peer_replication_pull_request,sent,1788427385933966,178842683956183202,,,,,,,,,connected_peers=19,,,,,
server,peer_replication_merge_delta,completed,1788427386022101,178842683956183202,,8,,1788427386015552,1788427386022064,1788427386022101,,,"delta_len=57,sent_us=1788427386005276",,,,,37
server,client_mutation,completed,1788427386336355,178842683956183202,,,,1788427386334132,1788427386334132,1788427386336355,,,http_data_plane,,,,,2223
server,peer_replication_get_delta,completed,1788427386742610,178842683956183202,178842684114091201,8,,1788427386742550,1788427386742554,1788427386742610,,,"delta_len=19,sent_us=1788427386660984",,,,,56
server,client_mutation,completed,1788427386836022,178842683956183202,,,,1788427386833881,1788427386833881,1788427386836022,,,http_data_plane,,,,,2141
server,peer_replication_pull_request,sent,1788427386933894,178842683956183202,,,,,,,,,connected_peers=19,,,,,
server,peer_replication_merge_delta,completed,1788427386942222,178842683956183202,,8,,1788427386935079,1788427386942169,1788427386942222,,,"delta_len=59,sent_us=1788427386934386",,,,,53
server,client_mutation,completed,1788427387336496,178842683956183202,,,,1788427387333979,1788427387333979,1788427387336496,,,http_data_plane,,,,,2517
server,peer_replication_get_delta,completed,1788427387732589,178842683956183202,178842684114091201,8,,1788427387732524,1788427387732529,1788427387732589,,,"delta_len=58,sent_us=1788427387661277",,,,,60
server,client_mutation,completed,1788427387839471,178842683956183202,,,,1788427387837301,1788427387837302,1788427387839471,,,http_data_plane,,,,,2169
server,peer_replication_pull_request,sent,1788427387934250,178842683956183202,,,,,,,,,connected_peers=19,,,,,
server,peer_replication_merge_delta,completed,1788427387979232,178842683956183202,,8,,1788427387974222,1788427387979200,1788427387979232,,,"delta_len=46,sent_us=1788427387963850",,,,,32
server,client_mutation,completed,1788427388336737,178842683956183202,,,,1788427388334436,1788427388334437,1788427388336737,,,http_data_plane,,,,,2300
server,membership_directory_read,completed,1788427388619526,178842683956183202,,,,,1788427388553856,1788427388619526,,,poll:52 descriptors,,,,,65670
server,peer_replication_get_delta,completed,1788427388646279,178842683956183202,178842683849156802,8,,1788427388646194,1788427388646199,1788427388646279,,,"delta_len=74,sent_us=1788427388565893",,,,,80
server,peer_replication_get_delta,completed,1788427388732871,178842683956183202,178842684114091201,8,,1788427388732677,1788427388732681,1788427388732871,,,"delta_len=38,sent_us=1788427388661344",,,,,190
server,client_mutation,completed,1788427388836133,178842683956183202,,,,1788427388833880,1788427388833880,1788427388836133,,,http_data_plane,,,,,2253
server,peer_replication_pull_request,sent,1788427388933980,178842683956183202,,,,,,,,,connected_peers=19,,,,,
server,client_mutation,completed,1788427389337088,178842683956183202,,,,1788427389334687,1788427389334687,1788427389337088,,,http_data_plane,,,,,2401
server,peer_replication_get_delta,completed,1788427389722835,178842683956183202,178842683956185201,8,,1788427389722776,1788427389722781,1788427389722835,,,"delta_len=15,sent_us=1788427389677715",,,,,54
server,client_mutation,completed,1788427389836054,178842683956183202,,,,1788427389833867,1788427389833867,1788427389836054,,,http_data_plane,,,,,2187
server,peer_replication_pull_request,sent,1788427389933948,178842683956183202,,,,,,,,,connected_peers=19,,,,,
server,peer_replication_merge_delta,completed,1788427390023033,178842683956183202,,8,,1788427390015803,1788427390022961,1788427390023033,,,"delta_len=75,sent_us=1788427390005276",,,,,72
server,client_mutation,completed,1788427390336163,178842683956183202,,,,1788427390333887,1788427390333887,1788427390336163,,,http_data_plane,,,,,2276
server,peer_replication_get_delta,completed,1788427390590642,178842683956183202,178842684426432102,8,,1788427390590562,1788427390590571,1788427390590642,,,"delta_len=73,sent_us=1788427390529464",,,,,71
server,peer_replication_get_delta,completed,1788427390722859,178842683956183202,178842683956185201,8,,1788427390722797,1788427390722801,1788427390722859,,,"delta_len=34,sent_us=1788427390678105",,,,,58
server,client_mutation,completed,1788427390836743,178842683956183202,,,,1788427390834291,1788427390834291,1788427390836743,,,http_data_plane,,,,,2452
server,peer_replication_pull_request,sent,1788427390934530,178842683956183202,,,,,,,,,connected_peers=19,,,,,
server,peer_replication_merge_delta,completed,1788427390991652,178842683956183202,,8,,1788427390986030,1788427390991600,1788427390991652,,,"delta_len=55,sent_us=1788427390935097",,,,,52
server,client_mutation,completed,1788427391336408,178842683956183202,,,,1788427391334245,1788427391334245,1788427391336408,,,http_data_plane,,,,,2163
server,client_mutation,completed,1788427391835909,178842683956183202,,,,1788427391833846,1788427391833847,1788427391835909,,,http_data_plane,,,,,2062
server,peer_replication_pull_request,sent,1788427391934654,178842683956183202,,,,,,,,,connected_peers=19,,,,,
server,peer_replication_merge_delta,completed,1788427391966207,178842683956183202,,8,,1788427391959980,1788427391965954,1788427391966207,,,"delta_len=43,sent_us=1788427391953596",,,,,253
server,peer_replication_get_delta,completed,1788427392283123,178842683956183202,178842683956181201,8,,1788427392283056,1788427392283062,1788427392283123,,,"delta_len=55,sent_us=1788427392282496",,,,,61
server,peer_replication_get_delta,completed,1788427392295008,178842683956183202,178842684286997602,8,,1788427392294940,1788427392294944,1788427392295008,,,"delta_len=36,sent_us=1788427392226769",,,,,64
server,client_mutation,completed,1788427392336940,178842683956183202,,,,1788427392334184,1788427392334184,1788427392336940,,,http_data_plane,,,,,2756
server,peer_replication_get_delta,completed,1788427392380638,178842683956183202,178842684426436101,8,,1788427392380521,1788427392380526,1788427392380638,,,"delta_len=36,sent_us=1788427392323275",,,,,112
server,peer_replication_get_delta,completed,1788427392422392,178842683956183202,178842684114090201,8,,1788427392422307,1788427392422311,1788427392422392,,,"delta_len=38,sent_us=1788427392348023",,,,,81
server,peer_replication_get_delta,completed,1788427392703899,178842683956183202,178842684286996602,8,,1788427392703824,1788427392703828,1788427392703899,,,"delta_len=88,sent_us=1788427392639767",,,,,71
server,client_mutation,completed,1788427392836185,178842683956183202,,,,1788427392834033,1788427392834033,1788427392836185,,,http_data_plane,,,,,2152
server,peer_replication_pull_request,sent,1788427392937007,178842683956183202,,,,,,,,,connected_peers=19,,,,,
server,peer_replication_merge_delta,completed,1788427393032548,178842683956183202,,8,,1788427393026976,1788427393032526,1788427393032548,,,"delta_len=30,sent_us=1788427393014840",,,,,22
server,client_mutation,completed,1788427393336804,178842683956183202,,,,1788427393334297,1788427393334297,1788427393336804,,,http_data_plane,,,,,2507
server,membership_directory_read,completed,1788427393597678,178842683956183202,,,,,1788427393554468,1788427393597678,,,poll:52 descriptors,,,,,43210
server,client_mutation,completed,1788427393838478,178842683956183202,,,,1788427393835485,1788427393835485,1788427393838478,,,http_data_plane,,,,,2993
server,peer_replication_pull_request,sent,1788427393933944,178842683956183202,,,,,,,,,connected_peers=19,,,,,
server,peer_replication_merge_delta,completed,1788427393991393,178842683956183202,,8,,1788427393982313,1788427393991332,1788427393991393,,,"delta_len=77,sent_us=1788427393969941",,,,,61
server,client_mutation,completed,1788427394336256,178842683956183202,,,,1788427394333890,1788427394333891,1788427394336256,,,http_data_plane,,,,,2365
server,peer_replication_get_delta,completed,1788427394467298,178842683956183202,178842683956182202,8,,1788427394467234,1788427394467238,1788427394467298,,,"delta_len=38,sent_us=1788427394466704",,,,,60
server,peer_replication_get_delta,completed,1788427394722885,178842683956183202,178842683956185201,8,,1788427394722811,1788427394722816,1788427394722885,,,"delta_len=65,sent_us=1788427394678111",,,,,69
server,client_mutation,completed,1788427394836042,178842683956183202,,,,1788427394833911,1788427394833911,1788427394836042,,,http_data_plane,,,,,2131
server,peer_replication_pull_request,sent,1788427394934719,178842683956183202,,,,,,,,,connected_peers=19,,,,,
server,peer_replication_merge_delta,completed,1788427395032781,178842683956183202,,8,,1788427395027654,1788427395032731,1788427395032781,,,"delta_len=39,sent_us=1788427395015283",,,,,50
server,client_mutation,completed,1788427395336445,178842683956183202,,,,1788427395334205,1788427395334205,1788427395336445,,,http_data_plane,,,,,2240
server,peer_replication_get_delta,completed,1788427395446497,178842683956183202,178842683849155802,8,,1788427395446428,1788427395446434,1788427395446497,,,"delta_len=62,sent_us=1788427395366175",,,,,63
server,client_mutation,completed,1788427395836191,178842683956183202,,,,1788427395833996,1788427395833996,1788427395836191,,,http_data_plane,,,,,2195
server,peer_replication_pull_request,sent,1788427395933918,178842683956183202,,,,,,,,,connected_peers=19,,,,,
server,peer_replication_merge_delta,completed,1788427395940679,178842683956183202,,8,,1788427395934966,1788427395940639,1788427395940679,,,"delta_len=43,sent_us=1788427395934520",,,,,40
server,client_mutation,completed,1788427396336450,178842683956183202,,,,1788427396334189,1788427396334189,1788427396336450,,,http_data_plane,,,,,2261
server,client_mutation,completed,1788427396835969,178842683956183202,,,,1788427396833870,1788427396833870,1788427396835969,,,http_data_plane,,,,,2099
server,peer_replication_pull_request,sent,1788427396934656,178842683956183202,,,,,,,,,connected_peers=19,,,,,
server,client_mutation,completed,1788427397336041,178842683956183202,,,,1788427397333881,1788427397333881,1788427397336041,,,http_data_plane,,,,,2160
server,peer_replication_get_delta,completed,1788427397422322,178842683956183202,178842684114090201,8,,1788427397422244,1788427397422248,1788427397422322,,,"delta_len=75,sent_us=1788427397348578",,,,,74
server,peer_replication_get_delta,completed,1788427397446150,178842683956183202,178842683849155802,8,,1788427397446092,1788427397446098,1788427397446150,,,"delta_len=7,sent_us=1788427397366753",,,,,52
server,peer_replication_get_delta,completed,1788427397732593,178842683956183202,178842684114091201,8,,1788427397732531,1788427397732536,1788427397732593,,,"delta_len=15,sent_us=1788427397661014",,,,,57
server,client_mutation,completed,1788427397836081,178842683956183202,,,,1788427397833971,1788427397833972,1788427397836081,,,http_data_plane,,,,,2109
server,peer_replication_pull_request,sent,1788427397934057,178842683956183202,,,,,,,,,connected_peers=19,,,,,
server,peer_replication_merge_delta,completed,1788427397944549,178842683956183202,,8,,1788427397935620,1788427397944328,1788427397944549,,,"delta_len=98,sent_us=1788427397934603",,,,,221
server,client_mutation,completed,1788427398335968,178842683956183202,,,,1788427398333845,1788427398333845,1788427398335968,,,http_data_plane,,,,,2123
server,membership_directory_read,completed,1788427398624329,178842683956183202,,,,,1788427398554196,1788427398624329,,,poll:52 descriptors,,,,,70133
server,client_mutation,completed,1788427398836267,178842683956183202,,,,1788427398834075,1788427398834075,1788427398836267,,,http_data_plane,,,,,2192
server,peer_replication_pull_request,sent,1788427398934080,178842683956183202,,,,,,,,,connected_peers=19,,,,,
server,peer_replication_merge_delta,completed,1788427399039454,178842683956183202,,8,,1788427399035288,1788427399039431,1788427399039454,,,"delta_len=25,sent_us=1788427399005141",,,,,23
server,client_mutation,completed,1788427399336327,178842683956183202,,,,1788427399334117,1788427399334117,1788427399336327,,,http_data_plane,,,,,2210
server,peer_replication_get_delta,completed,1788427399390578,178842683956183202,178842684426436101,8,,1788427399390515,1788427399390521,1788427399390578,,,"delta_len=50,sent_us=1788427399323210",,,,,57
server,client_mutation,completed,1788427399836037,178842683956183202,,,,1788427399833936,1788427399833936,1788427399836037,,,http_data_plane,,,,,2101
server,peer_replication_pull_request,sent,1788427399934711,178842683956183202,,,,,,,,,connected_peers=19,,,,,
server,peer_replication_merge_delta,completed,1788427399986994,178842683956183202,,8,,1788427399983320,1788427399986974,1788427399986994,,,"delta_len=21,sent_us=1788427399982829",,,,,20
server,client_mutation,completed,1788427400336467,178842683956183202,,,,1788427400334161,1788427400334161,1788427400336467,,,http_data_plane,,,,,2306
server,peer_replication_get_delta,completed,1788427400662183,178842683956183202,178842684114094202,8,,1788427400662112,1788427400662118,1788427400662183,,,"delta_len=42,sent_us=1788427400586370",,,,,65
server,client_mutation,completed,1788427400836517,178842683956183202,,,,1788427400834010,1788427400834010,1788427400836517,,,http_data_plane,,,,,2507
server,peer_replication_pull_request,sent,1788427400934366,178842683956183202,,,,,,,,,connected_peers=19,,,,,
server,peer_replication_merge_delta,completed,1788427400998739,178842683956183202,,8,,1788427400993986,1788427400998657,1788427400998739,,,"delta_len=30,sent_us=1788427400963946",,,,,82
server,client_mutation,completed,1788427401337483,178842683956183202,,,,1788427401334737,1788427401334737,1788427401337483,,,http_data_plane,,,,,2746
server,client_mutation,completed,1788427401836051,178842683956183202,,,,1788427401833845,1788427401833845,1788427401836051,,,http_data_plane,,,,,2206
server,peer_replication_pull_request,sent,1788427401933949,178842683956183202,,,,,,,,,connected_peers=19,,,,,
server,peer_replication_merge_delta,completed,1788427401942249,178842683956183202,,8,,1788427401935067,1788427401942207,1788427401942249,,,"delta_len=54,sent_us=1788427401934415",,,,,42
server,client_mutation,completed,1788427402336178,178842683956183202,,,,1788427402333919,1788427402333919,1788427402336178,,,http_data_plane,,,,,2259
server,client_mutation,completed,1788427402836014,178842683956183202,,,,1788427402833951,1788427402833951,1788427402836014,,,http_data_plane,,,,,2063
server,peer_replication_pull_request,sent,1788427402933922,178842683956183202,,,,,,,,,connected_peers=19,,,,,
server,peer_replication_merge_delta,completed,1788427402989511,178842683956183202,,8,,1788427402983751,1788427402989477,1788427402989511,,,"delta_len=54,sent_us=1788427402982904",,,,,34
server,peer_replication_get_delta,completed,1788427403256898,178842683956183202,178842683849154802,8,,1788427403256825,1788427403256831,1788427403256898,,,"delta_len=75,sent_us=1788427403173301",,,,,67
server,client_mutation,completed,1788427403336402,178842683956183202,,,,1788427403334139,1788427403334139,1788427403336402,,,http_data_plane,,,,,2263
server,membership_directory_read,completed,1788427403596106,178842683956183202,,,,,1788427403554231,1788427403596106,,,poll:52 descriptors,,,,,41875
server,client_mutation,completed,1788427403836116,178842683956183202,,,,1788427403833872,1788427403833872,1788427403836116,,,http_data_plane,,,,,2244
server,peer_replication_pull_request,sent,1788427403933985,178842683956183202,,,,,,,,,connected_peers=19,,,,,
server,peer_replication_merge_delta,completed,1788427403980493,178842683956183202,,8,,1788427403973753,1788427403980455,1788427403980493,,,"delta_len=54,sent_us=1788427403963671",,,,,38
server,client_mutation,completed,1788427404335940,178842683956183202,,,,1788427404333847,1788427404333847,1788427404335940,,,http_data_plane,,,,,2093
server,client_mutation,completed,1788427404836094,178842683956183202,,,,1788427404834017,1788427404834017,1788427404836094,,,http_data_plane,,,,,2077
server,peer_replication_pull_request,sent,1788427404933947,178842683956183202,,,,,,,,,connected_peers=19,,,,,
server,peer_replication_merge_delta,completed,1788427405049552,178842683956183202,,8,,1788427405045019,1788427405049525,1788427405049552,,,"delta_len=36,sent_us=1788427405014937",,,,,27
server,client_mutation,completed,1788427405336146,178842683956183202,,,,1788427405333876,1788427405333876,1788427405336146,,,http_data_plane,,,,,2270
server,peer_replication_get_delta,completed,1788427405732591,178842683956183202,178842684114091201,8,,1788427405732525,1788427405732529,1788427405732591,,,"delta_len=54,sent_us=1788427405661149",,,,,62
server,client_mutation,completed,1788427405836394,178842683956183202,,,,1788427405834113,1788427405834113,1788427405836394,,,http_data_plane,,,,,2281
server,peer_replication_pull_request,sent,1788427405934262,178842683956183202,,,,,,,,,connected_peers=19,,,,,
server,peer_replication_merge_delta,completed,1788427405957177,178842683956183202,,8,,1788427405950858,1788427405957138,1788427405957177,,,"delta_len=67,sent_us=1788427405946454",,,,,39
server,client_mutation,completed,1788427406336080,178842683956183202,,,,1788427406333990,1788427406333990,1788427406336080,,,http_data_plane,,,,,2090
server,peer_replication_get_delta,completed,1788427406380776,178842683956183202,178842684426436101,8,,1788427406380710,1788427406380715,1788427406380776,,,"delta_len=29,sent_us=1788427406323021",,,,,61
server,client_mutation,completed,1788427406836150,178842683956183202,,,,1788427406834003,1788427406834003,1788427406836150,,,http_data_plane,,,,,2147
server,peer_replication_pull_request,sent,1788427406934027,178842683956183202,,,,,,,,,connected_peers=19,,,,,
server,peer_replication_merge_delta,completed,1788427406986545,178842683956183202,,8,,1788427406981803,1788427406986512,1788427406986545,,,"delta_len=37,sent_us=1788427406969611",,,,,33
server,client_mutation,completed,1788427407336391,178842683956183202,,,,1788427407334071,1788427407334071,1788427407336391,,,http_data_plane,,,,,2320
server,client_mutation,completed,1788427407836282,178842683956183202,,,,1788427407833877,1788427407833878,1788427407836282,,,http_data_plane,,,,,2404
server,peer_replication_pull_request,sent,1788427407934307,178842683956183202,,,,,,,,,connected_peers=19,,,,,
server,peer_replication_merge_delta,completed,1788427407992232,178842683956183202,,8,,1788427407984832,1788427407992172,1788427407992232,,,"delta_len=64,sent_us=1788427407983235",,,,,60
server,client_mutation,completed,1788427408335951,178842683956183202,,,,1788427408333861,1788427408333861,1788427408335951,,,http_data_plane,,,,,2090
server,peer_replication_get_delta,completed,1788427408583889,178842683956183202,178842684114092202,8,,1788427408583824,1788427408583829,1788427408583889,,,"delta_len=44,sent_us=1788427408553757",,,,,60
server,membership_directory_read,completed,1788427408595581,178842683956183202,,,,,1788427408553877,1788427408595581,,,poll:52 descriptors,,,,,41704
server,client_mutation,completed,1788427408836159,178842683956183202,,,,1788427408833923,1788427408833923,1788427408836159,,,http_data_plane,,,,,2236
server,peer_replication_pull_request,sent,1788427408933933,178842683956183202,,,,,,,,,connected_peers=19,,,,,
server,peer_replication_merge_delta,completed,1788427409040412,178842683956183202,,8,,1788427409035289,1788427409040384,1788427409040412,,,"delta_len=29,sent_us=1788427409005217",,,,,28
server,client_mutation,completed,1788427409336357,178842683956183202,,,,1788427409334267,1788427409334268,1788427409336357,,,http_data_plane,,,,,2089
server,peer_replication_get_delta,completed,1788427409583605,178842683956183202,178842684114092202,8,,1788427409583543,1788427409583548,1788427409583605,,,"delta_len=2,sent_us=1788427409553523",,,,,57
server,client_mutation,completed,1788427409836413,178842683956183202,,,,1788427409834054,1788427409834054,1788427409836413,,,http_data_plane,,,,,2359
server,peer_replication_pull_request,sent,1788427409934109,178842683956183202,,,,,,,,,connected_peers=19,,,,,
server,peer_replication_merge_delta,completed,1788427410033040,178842683956183202,,8,,1788427410028027,1788427410033009,1788427410033040,,,"delta_len=39,sent_us=1788427410015661",,,,,31
server,peer_replication_get_delta,completed,1788427410294868,178842683956183202,178842684286997602,8,,1788427410294796,1788427410294801,1788427410294868,,,"delta_len=50,sent_us=1788427410226505",,,,,67
server,client_mutation,completed,1788427410336024,178842683956183202,,,,1788427410333863,1788427410333863,1788427410336024,,,http_data_plane,,,,,2161
server,client_mutation,completed,1788427410836442,178842683956183202,,,,1788427410834161,1788427410834161,1788427410836442,,,http_data_plane,,,,,2281
server,peer_replication_pull_request,sent,1788427410934423,178842683956183202,,,,,,,,,connected_peers=19,,,,,
server,peer_replication_merge_delta,completed,1788427411001037,178842683956183202,,8,,1788427410994945,1788427411000990,1788427411001037,,,"delta_len=34,sent_us=1788427410994474",,,,,47
server,client_mutation,completed,1788427411336431,178842683956183202,,,,1788427411334237,1788427411334237,1788427411336431,,,http_data_plane,,,,,2194
server,peer_replication_get_delta,completed,1788427411646363,178842683956183202,178842683849156802,8,,1788427411646296,1788427411646300,1788427411646363,,,"delta_len=27,sent_us=1788427411565480",,,,,63
server,client_mutation,completed,1788427411836556,178842683956183202,,,,1788427411834046,1788427411834046,1788427411836556,,,http_data_plane,,,,,2510
server,peer_replication_pull_request,sent,1788427411934805,178842683956183202,,,,,,,,,connected_peers=19,,,,,
server,peer_replication_merge_delta,completed,1788427411989437,178842683956183202,,8,,1788427411983929,1788427411989411,1788427411989437,,,"delta_len=28,sent_us=1788427411982946",,,,,26
server,client_mutation,completed,1788427412336170,178842683956183202,,,,1788427412334041,1788427412334041,1788427412336170,,,http_data_plane,,,,,2129
server,client_mutation,completed,1788427412836621,178842683956183202,,,,1788427412834182,1788427412834182,1788427412836621,,,http_data_plane,,,,,2439
server,peer_replication_pull_request,sent,1788427412934384,178842683956183202,,,,,,,,,connected_peers=19,,,,,
server,peer_replication_merge_delta,completed,1788427413008146,178842683956183202,,8,,1788427412994569,1788427413007587,1788427413008146,,,"delta_len=140,sent_us=1788427412964306",,,,,559
server,client_mutation,completed,1788427413336174,178842683956183202,,,,1788427413333908,1788427413333908,1788427413336174,,,http_data_plane,,,,,2266
server,peer_replication_get_delta,completed,1788427413377924,178842683956183202,178842684114090201,8,,1788427413377846,1788427413377852,1788427413377924,,,"delta_len=86,sent_us=1788427413347793",,,,,72
server,membership_directory_read,completed,1788427413599850,178842683956183202,,,,,1788427413554426,1788427413599850,,,poll:52 descriptors,,,,,45424
server,peer_replication_get_delta,completed,1788427413646258,178842683956183202,178842683849156802,8,,1788427413646182,1788427413646196,1788427413646258,,,"delta_len=60,sent_us=1788427413565706",,,,,62
server,client_mutation,completed,1788427413836073,178842683956183202,,,,1788427413833923,1788427413833923,1788427413836073,,,http_data_plane,,,,,2150
server,peer_replication_pull_request,sent,1788427413934044,178842683956183202,,,,,,,,,connected_peers=19,,,,,
server,peer_replication_merge_delta,completed,1788427413987504,178842683956183202,,8,,1788427413983434,1788427413987476,1788427413987504,,,"delta_len=31,sent_us=1788427413982868",,,,,28
server,peer_replication_get_delta,completed,1788427414282152,178842683956183202,178842683956181201,8,,1788427414282082,1788427414282086,1788427414282152,,,"delta_len=64,sent_us=1788427414281468",,,,,66
server,client_mutation,completed,1788427414336001,178842683956183202,,,,1788427414333876,1788427414333876,1788427414336001,,,http_data_plane,,,,,2125
server,peer_replication_get_delta,completed,1788427414682493,178842683956183202,178842683956185201,8,,1788427414682423,1788427414682428,1788427414682493,,,"delta_len=13,sent_us=1788427414681898",,,,,65
server,client_mutation,completed,1788427414836072,178842683956183202,,,,1788427414833987,1788427414833987,1788427414836072,,,http_data_plane,,,,,2085
server,peer_replication_pull_request,sent,1788427414933878,178842683956183202,,,,,,,,,connected_peers=19,,,,,
server,peer_replication_merge_delta,completed,1788427414938697,178842683956183202,,8,,1788427414935089,1788427414938682,1788427414938697,,,"delta_len=19,sent_us=1788427414934631",,,,,15
server,client_mutation,completed,1788427415336037,178842683956183202,,,,1788427415333894,1788427415333895,1788427415336037,,,http_data_plane,,,,,2142
server,peer_replication_get_delta,completed,1788427415467792,178842683956183202,178842683956182202,8,,1788427415467658,1788427415467662,1788427415467792,,,"delta_len=12,sent_us=1788427415467111",,,,,130
server,client_mutation,completed,1788427415836347,178842683956183202,,,,1788427415834105,1788427415834105,1788427415836347,,,http_data_plane,,,,,2242
server,peer_replication_pull_request,sent,1788427415934318,178842683956183202,,,,,,,,,connected_peers=19,,,,,
server,peer_replication_merge_delta,completed,1788427416023421,178842683956183202,,8,,1788427416015475,1788427416023368,1788427416023421,,,"delta_len=72,sent_us=1788427416005179",,,,,53
server,client_mutation,completed,1788427416336135,178842683956183202,,,,1788427416333891,1788427416333891,1788427416336135,,,http_data_plane,,,,,2244
server,peer_replication_get_delta,completed,1788427416386731,178842683956183202,178842683956184202,8,,1788427416386266,1788427416386271,1788427416386731,,,"delta_len=69,sent_us=1788427416385246",,,,,460
server,client_mutation,completed,1788427416836468,178842683956183202,,,,1788427416834138,1788427416834138,1788427416836468,,,http_data_plane,,,,,2330
server,peer_replication_pull_request,sent,1788427416934283,178842683956183202,,,,,,,,,connected_peers=19,,,,,
server,peer_replication_merge_delta,completed,1788427416942109,178842683956183202,,8,,1788427416935416,1788427416942049,1788427416942109,,,"delta_len=62,sent_us=1788427416934867",,,,,60
server,client_mutation,completed,1788427417336445,178842683956183202,,,,1788427417334020,1788427417334020,1788427417336445,,,http_data_plane,,,,,2425
server,peer_replication_get_delta,completed,1788427417434726,178842683956183202,178842683956184202,8,,1788427417434656,1788427417434661,1788427417434726,,,"delta_len=41,sent_us=1788427417385543",,,,,65
server,client_mutation,completed,1788427417836257,178842683956183202,,,,1788427417833980,1788427417833980,1788427417836257,,,http_data_plane,,,,,2277
server,peer_replication_pull_request,sent,1788427417934098,178842683956183202,,,,,,,,,connected_peers=19,,,,,
server,peer_replication_merge_delta,completed,1788427418034291,178842683956183202,,8,,1788427418027080,1788427418034250,1788427418034291,,,"delta_len=60,sent_us=1788427418014363",,,,,41
server,peer_replication_get_delta,completed,1788427418257248,178842683956183202,178842683849154802,8,,1788427418256743,1788427418256748,1788427418257248,,,"delta_len=66,sent_us=1788427418173715",,,,,500
server,client_mutation,completed,1788427418336023,178842683956183202,,,,1788427418333884,1788427418333884,1788427418336023,,,http_data_plane,,,,,2139
server,membership_directory_read,completed,1788427418599158,178842683956183202,,,,,1788427418553894,1788427418599158,,,poll:52 descriptors,,,,,45264
server,client_mutation,completed,1788427418836268,178842683956183202,,,,1788427418833881,1788427418833881,1788427418836268,,,http_data_plane,,,,,2387
server,peer_replication_pull_request,sent,1788427418934233,178842683956183202,,,,,,,,,connected_peers=19,,,,,
server,peer_replication_merge_delta,completed,1788427419009654,178842683956183202,,8,,1788427419006074,1788427419009641,1788427419009654,,,"delta_len=10,sent_us=1788427418970158",,,,,13
server,client_mutation,completed,1788427419336008,178842683956183202,,,,1788427419333902,1788427419333902,1788427419336008,,,http_data_plane,,,,,2106
server,peer_replication_get_delta,completed,1788427419432779,178842683956183202,178842683956184202,8,,1788427419432713,1788427419432718,1788427419432779,,,"delta_len=68,sent_us=1788427419386126",,,,,61
server,client_mutation,completed,1788427419835996,178842683956183202,,,,1788427419833857,1788427419833857,1788427419835996,,,http_data_plane,,,,,2139
server,peer_replication_pull_request,sent,1788427419933933,178842683956183202,,,,,,,,,connected_peers=19,,,,,
server,peer_replication_merge_delta,completed,1788427419961744,178842683956183202,,8,,1788427419956884,1788427419961695,1788427419961744,,,"delta_len=39,sent_us=1788427419950765",,,,,49
server,client_mutation,completed,1788427420336773,178842683956183202,,,,1788427420333887,1788427420333887,1788427420336773,,,http_data_plane,,,,,2886
server,client_mutation,completed,1788427420836524,178842683956183202,,,,1788427420833959,1788427420833959,1788427420836524,,,http_data_plane,,,,,2565
server,peer_replication_pull_request,sent,1788427420934271,178842683956183202,,,,,,,,,connected_peers=19,,,,,
server,peer_replication_merge_delta,completed,1788427421025644,178842683956183202,,8,,1788427421019917,1788427421025607,1788427421025644,,,"delta_len=49,sent_us=1788427421006770",,,,,37
server,client_mutation,completed,1788427421336464,178842683956183202,,,,1788427421333939,1788427421333939,1788427421336464,,,http_data_plane,,,,,2525
server,client_mutation,completed,1788427421836255,178842683956183202,,,,1788427421834045,1788427421834045,1788427421836255,,,http_data_plane,,,,,2210
server,peer_replication_pull_request,sent,1788427421934044,178842683956183202,,,,,,,,,connected_peers=19,,,,,
server,peer_replication_merge_delta,completed,1788427421958254,178842683956183202,,8,,1788427421950528,1788427421958212,1788427421958254,,,"delta_len=55,sent_us=1788427421946147",,,,,42
server,client_mutation,completed,1788427422336136,178842683956183202,,,,1788427422333904,1788427422333904,1788427422336136,,,http_data_plane,,,,,2232
server,peer_replication_get_delta,completed,1788427422422231,178842683956183202,178842684114090201,8,,1788427422422149,1788427422422155,1788427422422231,,,"delta_len=40,sent_us=1788427422347859",,,,,76
server,client_mutation,completed,1788427422836080,178842683956183202,,,,1788427422833851,1788427422833851,1788427422836080,,,http_data_plane,,,,,2229
server,peer_replication_pull_request,sent,1788427422933883,178842683956183202,,,,,,,,,connected_peers=19,,,,,
server,peer_replication_merge_delta,completed,1788427423006923,178842683956183202,,8,,1788427422994735,1788427423006851,1788427423006923,,,"delta_len=143,sent_us=1788427422964197",,,,,72
server,client_mutation,completed,1788427423336078,178842683956183202,,,,1788427423333913,1788427423333913,1788427423336078,,,http_data_plane,,,,,2165
server,membership_directory_read,completed,1788427423597143,178842683956183202,,,,,1788427423554306,1788427423597143,,,poll:52 descriptors,,,,,42837
server,client_mutation,completed,1788427423836558,178842683956183202,,,,1788427423833974,1788427423833974,1788427423836558,,,http_data_plane,,,,,2584
server,peer_replication_get_delta,completed,1788427423926433,178842683956183202,178842683849158801,8,,1788427423926360,1788427423926365,1788427423926433,,,"delta_len=46,sent_us=1788427423845419",,,,,68
server,peer_replication_pull_request,sent,1788427423934634,178842683956183202,,,,,,,,,connected_peers=19,,,,,
server,peer_replication_merge_delta,completed,1788427424014488,178842683956183202,,8,,1788427424006740,1788427424014433,1788427424014488,,,"delta_len=65,sent_us=1788427424000488",,,,,55
server,client_mutation,completed,1788427424336152,178842683956183202,,,,1788427424334024,1788427424334024,1788427424336152,,,http_data_plane,,,,,2128
server,peer_replication_get_delta,completed,1788427424468034,178842683956183202,178842683956182202,8,,1788427424467952,1788427424467956,1788427424468034,,,"delta_len=62,sent_us=1788427424467461",,,,,78
server,peer_replication_get_delta,completed,1788427424691832,178842683956183202,178842684114091201,8,,1788427424691761,1788427424691765,1788427424691832,,,"delta_len=61,sent_us=1788427424661518",,,,,67
server,client_mutation,completed,1788427424836674,178842683956183202,,,,1788427424834448,1788427424834448,1788427424836674,,,http_data_plane,,,,,2226
server,peer_replication_pull_request,sent,1788427424934502,178842683956183202,,,,,,,,,connected_peers=19,,,,,
server,peer_replication_merge_delta,completed,1788427425055588,178842683956183202,,8,,1788427425050701,1788427425055524,1788427425055588,,,"delta_len=28,sent_us=1788427424993255",,,,,64
server,client_mutation,completed,1788427425337240,178842683956183202,,,,1788427425334092,1788427425334093,1788427425337240,,,http_data_plane,,,,,3147
server,peer_replication_get_delta,completed,1788427425422425,178842683956183202,178842684114090201,8,,1788427425422350,1788427425422355,1788427425422425,,,"delta_len=25,sent_us=1788427425348476",,,,,70
server,client_mutation,completed,1788427425836361,178842683956183202,,,,1788427425833993,1788427425833993,1788427425836361,,,http_data_plane,,,,,2368
server,peer_replication_pull_request,sent,1788427425934239,178842683956183202,,,,,,,,,connected_peers=19,,,,,
server,peer_replication_merge_delta,completed,1788427426010107,178842683956183202,,8,,1788427426005532,1788427426010056,1788427426010107,,,"delta_len=25,sent_us=1788427425993135",,,,,51
server,client_mutation,completed,1788427426336060,178842683956183202,,,,1788427426333865,1788427426333865,1788427426336060,,,http_data_plane,,,,,2195
server,peer_replication_get_delta,completed,1788427426422254,178842683956183202,178842684114090201,8,,1788427426422190,1788427426422197,1788427426422254,,,"delta_len=21,sent_us=1788427426348469",,,,,57
server,client_mutation,completed,1788427426836024,178842683956183202,,,,1788427426833925,1788427426833925,1788427426836024,,,http_data_plane,,,,,2099
server,peer_replication_pull_request,sent,1788427426933848,178842683956183202,,,,,,,,,connected_peers=19,,,,,
server,peer_replication_merge_delta,completed,1788427427021354,178842683956183202,,8,,1788427427016558,1788427427021292,1788427427021354,,,"delta_len=35,sent_us=1788427427010439",,,,,62
server,client_mutation,completed,1788427427336106,178842683956183202,,,,1788427427333933,1788427427333934,1788427427336106,,,http_data_plane,,,,,2172
server,peer_replication_get_delta,completed,1788427427422223,178842683956183202,178842684114090201,8,,1788427427422154,1788427427422159,1788427427422223,,,"delta_len=37,sent_us=1788427427347759",,,,,64
server,peer_replication_get_delta,completed,1788427427542298,178842683956183202,178842684426432102,8,,1788427427542232,1788427427542237,1788427427542298,,,"delta_len=35,sent_us=1788427427529796",,,,,61
server,peer_replication_get_delta,completed,1788427427583672,178842683956183202,178842684114092202,8,,1788427427583607,1788427427583613,1788427427583672,,,"delta_len=22,sent_us=1788427427553575",,,,,59
server,client_mutation,completed,1788427427836155,178842683956183202,,,,1788427427834050,1788427427834050,1788427427836155,,,http_data_plane,,,,,2105
server,peer_replication_pull_request,sent,1788427427934020,178842683956183202,,,,,,,,,connected_peers=19,,,,,
server,peer_replication_merge_delta,completed,1788427427941323,178842683956183202,,8,,1788427427935650,1788427427941283,1788427427941323,,,"delta_len=34,sent_us=1788427427934812",,,,,40
server,client_mutation,completed,1788427428336706,178842683956183202,,,,1788427428333935,1788427428333935,1788427428336706,,,http_data_plane,,,,,2771
server,membership_directory_read,completed,1788427428595809,178842683956183202,,,,,1788427428553989,1788427428595809,,,poll:52 descriptors,,,,,41820
server,peer_replication_get_delta,completed,1788427428771545,178842683956183202,178842683849157801,8,,1788427428771482,1788427428771487,1788427428771545,,,"delta_len=27,sent_us=1788427428735421",,,,,58
server,client_mutation,completed,1788427428836230,178842683956183202,,,,1788427428834116,1788427428834116,1788427428836230,,,http_data_plane,,,,,2114
server,peer_replication_pull_request,sent,1788427428933960,178842683956183202,,,,,,,,,connected_peers=19,,,,,
server,peer_replication_merge_delta,completed,1788427428988906,178842683956183202,,8,,1788427428983832,1788427428988868,1788427428988906,,,"delta_len=20,sent_us=1788427428983091",,,,,38
server,client_mutation,completed,1788427429336054,178842683956183202,,,,1788427429333852,1788427429333852,1788427429336054,,,http_data_plane,,,,,2202
server,client_mutation,completed,1788427429836358,178842683956183202,,,,1788427429834171,1788427429834172,1788427429836358,,,http_data_plane,,,,,2186
server,peer_replication_pull_request,sent,1788427429934109,178842683956183202,,,,,,,,,connected_peers=19,,,,,
server,client_mutation,completed,1788427430335965,178842683956183202,,,,1788427430333879,1788427430333879,1788427430335965,,,http_data_plane,,,,,2086
server,client_mutation,completed,1788427430835981,178842683956183202,,,,1788427430833976,1788427430833976,1788427430835981,,,http_data_plane,,,,,2005
server,peer_replication_pull_request,sent,1788427430934122,178842683956183202,,,,,,,,,connected_peers=19,,,,,
server,peer_replication_merge_delta,completed,1788427431044907,178842683956183202,,8,,1788427431035463,1788427431044842,1788427431044907,,,"delta_len=96,sent_us=1788427431005162",,,,,65
server,peer_replication_get_delta,completed,1788427431335550,178842683956183202,178842684426436101,8,,1788427431335486,1788427431335490,1788427431335550,,,"delta_len=21,sent_us=1788427431323158",,,,,60
server,client_mutation,completed,1788427431336613,178842683956183202,,,,1788427431334416,1788427431334416,1788427431336613,,,http_data_plane,,,,,2197
server,peer_replication_get_delta,completed,1788427431646570,178842683956183202,178842683849156802,8,,1788427431646504,1788427431646508,1788427431646570,,,"delta_len=16,sent_us=1788427431566457",,,,,62
server,client_mutation,completed,1788427431836560,178842683956183202,,,,1788427431833993,1788427431833993,1788427431836560,,,http_data_plane,,,,,2567
server,peer_replication_pull_request,sent,1788427431934391,178842683956183202,,,,,,,,,connected_peers=19,,,,,
server,peer_replication_merge_delta,completed,1788427431946047,178842683956183202,,8,,1788427431935376,1788427431945977,1788427431946047,,,"delta_len=112,sent_us=1788427431934832",,,,,70
server,client_mutation,completed,1788427432336424,178842683956183202,,,,1788427432334238,1788427432334238,1788427432336424,,,http_data_plane,,,,,2186
server,client_mutation,completed,1788427432836212,178842683956183202,,,,1788427432833963,1788427432833963,1788427432836212,,,http_data_plane,,,,,2249
server,peer_replication_pull_request,sent,1788427432934180,178842683956183202,,,,,,,,,connected_peers=19,,,,,
server,peer_replication_merge_delta,completed,1788427433021983,178842683956183202,,8,,1788427433015689,1788427433021891,1788427433021983,,,"delta_len=44,sent_us=1788427433005124",,,,,92
server,client_mutation,completed,1788427433336306,178842683956183202,,,,1788427433334070,1788427433334070,1788427433336306,,,http_data_plane,,,,,2236
server,membership_directory_read,completed,1788427433599969,178842683956183202,,,,,1788427433554271,1788427433599969,,,poll:52 descriptors,,,,,45698
server,client_mutation,completed,1788427433836784,178842683956183202,,,,1788427433834292,1788427433834292,1788427433836784,,,http_data_plane,,,,,2492
server,peer_replication_pull_request,sent,1788427433933806,178842683956183202,,,,,,,,,connected_peers=19,,,,,
server,peer_replication_merge_delta,completed,1788427433965485,178842683956183202,,8,,1788427433958979,1788427433965441,1788427433965485,,,"delta_len=64,sent_us=1788427433952655",,,,,44
server,client_mutation,completed,1788427434336318,178842683956183202,,,,1788427434334097,1788427434334097,1788427434336318,,,http_data_plane,,,,,2221
server,client_mutation,completed,1788427434836118,178842683956183202,,,,1788427434833895,1788427434833896,1788427434836118,,,http_data_plane,,,,,2222
server,peer_replication_pull_request,sent,1788427434933921,178842683956183202,,,,,,,,,connected_peers=19,,,,,
server,peer_replication_merge_delta,completed,1788427434987352,178842683956183202,,8,,1788427434983370,1788427434987333,1788427434987352,,,"delta_len=27,sent_us=1788427434982825",,,,,19
server,peer_replication_get_delta,completed,1788427435305036,178842683956183202,178842684286997602,8,,1788427435304803,1788427435304808,1788427435305036,,,"delta_len=41,sent_us=1788427435226904",,,,,228
server,client_mutation,completed,1788427435336330,178842683956183202,,,,1788427435333840,1788427435333840,1788427435336330,,,http_data_plane,,,,,2490
server,peer_replication_get_delta,completed,1788427435432306,178842683956183202,178842684114090201,8,,1788427435432209,1788427435432216,1788427435432306,,,"delta_len=131,sent_us=1788427435348076",,,,,90
server,peer_replication_get_delta,completed,1788427435512787,178842683956183202,178842683956182202,8,,1788427435512723,1788427435512728,1788427435512787,,,"delta_len=30,sent_us=1788427435466784",,,,,59
server,client_mutation,completed,1788427435836460,178842683956183202,,,,1788427435833948,1788427435833948,1788427435836460,,,http_data_plane,,,,,2512
server,peer_replication_pull_request,sent,1788427435934086,178842683956183202,,,,,,,,,connected_peers=19,,,,,
server,peer_replication_merge_delta,completed,1788427435990049,178842683956183202,,8,,1788427435982047,1788427435990004,1788427435990049,,,"delta_len=79,sent_us=1788427435969778",,,,,45
server,client_mutation,completed,1788427436336849,178842683956183202,,,,1788427436334610,1788427436334610,1788427436336849,,,http_data_plane,,,,,2239
server,peer_replication_get_delta,completed,1788427436590702,178842683956183202,178842684426432102,8,,1788427436590623,1788427436590629,1788427436590702,,,"delta_len=81,sent_us=1788427436529483",,,,,73
server,peer_replication_get_delta,completed,1788427436678884,178842683956183202,178842683956185201,8,,1788427436678819,1788427436678823,1788427436678884,,,"delta_len=26,sent_us=1788427436677944",,,,,61
server,client_mutation,completed,1788427436836118,178842683956183202,,,,1788427436833924,1788427436833925,1788427436836118,,,http_data_plane,,,,,2193
server,peer_replication_pull_request,sent,1788427436933927,178842683956183202,,,,,,,,,connected_peers=19,,,,,
server,peer_replication_merge_delta,completed,1788427437031206,178842683956183202,,8,,1788427437026396,1788427437031185,1788427437031206,,,"delta_len=29,sent_us=1788427437014183",,,,,21
server,client_mutation,completed,1788427437336289,178842683956183202,,,,1788427437334056,1788427437334056,1788427437336289,,,http_data_plane,,,,,2233
server,peer_replication_get_delta,completed,1788427437590841,178842683956183202,178842684426432102,8,,1788427437590735,1788427437590740,1788427437590841,,,"delta_len=26,sent_us=1788427437529796",,,,,101
server,peer_replication_get_delta,completed,1788427437656428,178842683956183202,178842683849156802,8,,1788427437656357,1788427437656362,1788427437656428,,,"delta_len=55,sent_us=1788427437565744",,,,,66
server,client_mutation,completed,1788427437836297,178842683956183202,,,,1788427437834099,1788427437834099,1788427437836297,,,http_data_plane,,,,,2198
server,peer_replication_pull_request,sent,1788427437934119,178842683956183202,,,,,,,,,connected_peers=19,,,,,
server,peer_replication_merge_delta,completed,1788427438015719,178842683956183202,,8,,1788427438007010,1788427438015578,1788427438015719,,,"delta_len=60,sent_us=1788427438000483",,,,,141
server,client_mutation,completed,1788427438335923,178842683956183202,,,,1788427438333806,1788427438333806,1788427438335923,,,http_data_plane,,,,,2117
server,membership_directory_read,completed,1788427438598439,178842683956183202,,,,,1788427438553982,1788427438598439,,,poll:56 descriptors,,,,,44457
server,client_mutation,completed,1788427438836158,178842683956183202,,,,1788427438834041,1788427438834042,1788427438836158,,,http_data_plane,,,,,2116
server,peer_replication_pull_request,sent,1788427439014546,178842683956183202,,,,,,,,,connected_peers=16,,,,,
server,peer_replication_get_delta,completed,1788427439014630,178842683956183202,178842684114091201,8,,1788427439014554,1788427439014556,1788427439014630,,,"delta_len=46,sent_us=1788427438791576",,,,,74
server,client_mutation,completed,1788427439336021,178842683956183202,,,,1788427439333810,1788427439333810,1788427439336021,,,http_data_plane,,,,,2211
server,client_mutation,completed,1788427439836586,178842683956183202,,,,1788427439834101,1788427439834101,1788427439836586,,,http_data_plane,,,,,2485
server,peer_replication_pull_request,sent,1788427439934226,178842683956183202,,,,,,,,,connected_peers=16,,,,,
server,peer_replication_merge_delta,completed,1788427440192221,178842683956183202,,8,,1788427440187417,1788427440192199,1788427440192221,,,"delta_len=29,sent_us=1788427440157256",,,,,22
server,client_mutation,completed,1788427440336097,178842683956183202,,,,1788427440333829,1788427440333829,1788427440336097,,,http_data_plane,,,,,2268
server,client_mutation,completed,1788427440836254,178842683956183202,,,,1788427440834127,1788427440834127,1788427440836254,,,http_data_plane,,,,,2127
server,peer_replication_pull_request,sent,1788427440933996,178842683956183202,,,,,,,,,connected_peers=16,,,,,
server,client_mutation,completed,1788427441338116,178842683956183202,,,,1788427441334448,1788427441334448,1788427441338116,,,http_data_plane,,,,,3668
server,peer_replication_get_delta,completed,1788427441583363,178842683956183202,178842684114092202,8,,1788427441583302,1788427441583307,1788427441583363,,,"delta_len=5,sent_us=1788427441553207",,,,,56
server,client_mutation,completed,1788427441836131,178842683956183202,,,,1788427441834007,1788427441834007,1788427441836131,,,http_data_plane,,,,,2124
server,peer_replication_pull_request,sent,1788427441934012,178842683956183202,,,,,,,,,connected_peers=16,,,,,
server,peer_replication_merge_delta,completed,1788427441989537,178842683956183202,,8,,1788427441983680,1788427441989503,1788427441989537,,,"delta_len=55,sent_us=1788427441982880",,,,,34
server,client_mutation,completed,1788427442336159,178842683956183202,,,,1788427442333936,1788427442333936,1788427442336159,,,http_data_plane,,,,,2223
server,peer_replication_get_delta,completed,1788427442513010,178842683956183202,178842683956182202,8,,1788427442512938,1788427442512951,1788427442513010,,,"delta_len=31,sent_us=1788427442467292",,,,,59
server,client_mutation,completed,1788427442836005,178842683956183202,,,,1788427442833864,1788427442833864,1788427442836005,,,http_data_plane,,,,,2141
server,peer_replication_pull_request,sent,1788427442933880,178842683956183202,,,,,,,,,connected_peers=16,,,,,
server,client_mutation,completed,1788427443336389,178842683956183202,,,,1788427443333930,1788427443333930,1788427443336389,,,http_data_plane,,,,,2459
server,membership_directory_read,completed,1788427443629233,178842683956183202,,,,,1788427443554272,1788427443629233,,,poll:57 descriptors,,,,,74961
server,client_mutation,completed,1788427443836080,178842683956183202,,,,1788427443833902,1788427443833902,1788427443836080,,,http_data_plane,,,,,2178
server,peer_replication_pull_request,sent,1788427443934204,178842683956183202,,,,,,,,,connected_peers=16,,,,,
server,gc_observed,start,1788427443950805,178842683956183202,,9,,,,,,,,,,,,
server,gc_observed,completed,1788427444062246,178842683956183202,,9,,,,,,,,,,,,
server,peer_replication_merge_delta,completed,1788427444070220,178842683956183202,,9,,1788427443950803,1788427444070159,1788427444070220,,,"delta_len=86,sent_us=1788427443946392",,,,,61
server,client_mutation,completed,1788427444335879,178842683956183202,,,,1788427444333872,1788427444333872,1788427444335879,,,http_data_plane,,,,,2007
server,peer_replication_get_delta,completed,1788427444662232,178842683956183202,178842684114094202,9,,1788427444662159,1788427444662172,1788427444662232,,,"delta_len=13,sent_us=1788427444586450",,,,,60
server,peer_replication_get_delta,completed,1788427444722803,178842683956183202,178842683956185201,9,,1788427444722721,1788427444722725,1788427444722803,,,"delta_len=46,sent_us=1788427444678324",,,,,78
server,client_mutation,completed,1788427444835771,178842683956183202,,,,1788427444834050,1788427444834050,1788427444835771,,,http_data_plane,,,,,1721
server,peer_replication_pull_request,sent,1788427444933895,178842683956183202,,,,,,,,,connected_peers=16,,,,,
server,peer_replication_merge_delta,refused_stale_gc,1788427445006731,178842683956183202,,8,1788427445000586,1788427445006729,,,,,"remote_gc_counter=8,current_gc_counter=9,delta_len=59",,,,,2
server,client_mutation,completed,1788427445335972,178842683956183202,,,,1788427445333984,1788427445333984,1788427445335972,,,http_data_plane,,,,,1988
server,client_mutation,completed,1788427445835922,178842683956183202,,,,1788427445833899,1788427445833899,1788427445835922,,,http_data_plane,,,,,2023
server,peer_replication_pull_request,sent,1788427445934698,178842683956183202,,,,,,,,,connected_peers=16,,,,,
server,client_mutation,completed,1788427446336198,178842683956183202,,,,1788427446334182,1788427446334182,1788427446336198,,,http_data_plane,,,,,2016
server,peer_replication_get_delta,completed,1788427446422251,178842683956183202,178842684114090201,9,,1788427446422187,1788427446422191,1788427446422251,,,"delta_len=20,sent_us=1788427446348615",,,,,60
server,peer_replication_get_delta,completed,1788427446512767,178842683956183202,178842683956182202,9,,1788427446512708,1788427446512713,1788427446512767,,,"delta_len=4,sent_us=1788427446467382",,,,,54
server,client_mutation,completed,1788427446835980,178842683956183202,,,,1788427446833921,1788427446833921,1788427446835980,,,http_data_plane,,,,,2059
server,peer_replication_pull_request,sent,1788427446934715,178842683956183202,,,,,,,,,connected_peers=16,,,,,
server,peer_replication_merge_delta,completed,1788427447006490,178842683956183202,,9,,1788427446997940,1788427447006433,1788427447006490,,,"delta_len=90,sent_us=1788427446993303",,,,,57
server,peer_replication_get_delta,completed,1788427447151195,178842683956183202,178842684114093202,9,,1788427447151133,1788427447151138,1788427447151195,,,"delta_len=8,sent_us=1788427447120868",,,,,57
server,client_mutation,completed,1788427447336793,178842683956183202,,,,1788427447334465,1788427447334465,1788427447336793,,,http_data_plane,,,,,2328
server,peer_replication_get_delta,completed,1788427447692021,178842683956183202,178842684114091201,9,,1788427447691957,1788427447691962,1788427447692021,,,"delta_len=9,sent_us=1788427447660750",,,,,59
server,peer_replication_get_delta,completed,1788427447722943,178842683956183202,178842683956185201,9,,1788427447722879,1788427447722884,1788427447722943,,,"delta_len=9,sent_us=1788427447678059",,,,,59
server,client_mutation,completed,1788427447836429,178842683956183202,,,,1788427447834336,1788427447834336,1788427447836429,,,http_data_plane,,,,,2093
server,peer_replication_pull_request,sent,1788427447934122,178842683956183202,,,,,,,,,connected_peers=16,,,,,
server,peer_replication_merge_delta,completed,1788427448014085,178842683956183202,,9,,1788427448007447,1788427448014036,1788427448014085,,,"delta_len=75,sent_us=1788427448001078",,,,,49
server,client_mutation,completed,1788427448336044,178842683956183202,,,,1788427448333874,1788427448333874,1788427448336044,,,http_data_plane,,,,,2170
server,membership_directory_read,completed,1788427448661158,178842683956183202,,,,,1788427448554032,1788427448661158,,,poll:57 descriptors,,,,,107126
server,client_mutation,completed,1788427448836567,178842683956183202,,,,1788427448834343,1788427448834343,1788427448836567,,,http_data_plane,,,,,2224
server,peer_replication_pull_request,sent,1788427448934496,178842683956183202,,,,,,,,,connected_peers=16,,,,,
server,peer_replication_merge_delta,completed,1788427448999132,178842683956183202,,9,,1788427448994848,1788427448999116,1788427448999132,,,"delta_len=14,sent_us=1788427448964546",,,,,16
server,client_mutation,completed,1788427449336040,178842683956183202,,,,1788427449333858,1788427449333858,1788427449336040,,,http_data_plane,,,,,2182
server,peer_replication_get_delta,completed,1788427449662482,178842683956183202,178842684114094202,9,,1788427449662421,1788427449662425,1788427449662482,,,"delta_len=12,sent_us=1788427449586321",,,,,57
server,client_mutation,completed,1788427449836038,178842683956183202,,,,1788427449833861,1788427449833861,1788427449836038,,,http_data_plane,,,,,2177
server,peer_replication_pull_request,sent,1788427449933786,178842683956183202,,,,,,,,,connected_peers=16,,,,,
server,peer_replication_merge_delta,completed,1788427450011897,178842683956183202,,9,,1788427450006518,1788427450011859,1788427450011897,,,"delta_len=53,sent_us=1788427450000377",,,,,38
server,client_mutation,completed,1788427450336158,178842683956183202,,,,1788427450333916,1788427450333916,1788427450336158,,,http_data_plane,,,,,2242
server,client_mutation,completed,1788427450836259,178842683956183202,,,,1788427450834035,1788427450834036,1788427450836259,,,http_data_plane,,,,,2223
server,peer_replication_pull_request,sent,1788427450933998,178842683956183202,,,,,,,,,connected_peers=16,,,,,
server,peer_replication_merge_delta,completed,1788427450996125,178842683956183202,,9,,1788427450993287,1788427450996114,1788427450996125,,,"delta_len=5,sent_us=1788427450963695",,,,,11
server,client_mutation,completed,1788427451336776,178842683956183202,,,,1788427451334565,1788427451334565,1788427451336776,,,http_data_plane,,,,,2211
server,client_mutation,completed,1788427451836074,178842683956183202,,,,1788427451833949,1788427451833949,1788427451836074,,,http_data_plane,,,,,2125
server,peer_replication_pull_request,sent,1788427451933963,178842683956183202,,,,,,,,,connected_peers=16,,,,,
server,peer_replication_merge_delta,completed,1788427451946675,178842683956183202,,9,,1788427451935343,1788427451946581,1788427451946675,,,"delta_len=127,sent_us=1788427451934536",,,,,94
server,peer_replication_get_delta,completed,1788427452282591,178842683956183202,178842683956181201,9,,1788427452282518,1788427452282522,1788427452282591,,,"delta_len=88,sent_us=1788427452281915",,,,,69
server,client_mutation,completed,1788427452336349,178842683956183202,,,,1788427452334006,1788427452334006,1788427452336349,,,http_data_plane,,,,,2343
server,client_mutation,completed,1788427452836193,178842683956183202,,,,1788427452834064,1788427452834064,1788427452836193,,,http_data_plane,,,,,2129
server,peer_replication_pull_request,sent,1788427452933991,178842683956183202,,,,,,,,,connected_peers=16,,,,,
server,peer_replication_merge_delta,completed,1788427453010243,178842683956183202,,9,,1788427453005945,1788427453010216,1788427453010243,,,"delta_len=28,sent_us=1788427452993321",,,,,27
server,client_mutation,completed,1788427453336854,178842683956183202,,,,1788427453334385,1788427453334385,1788427453336854,,,http_data_plane,,,,,2469
server,membership_directory_read,completed,1788427453595049,178842683956183202,,,,,1788427453554698,1788427453595049,,,poll:57 descriptors,,,,,40351
server,peer_replication_get_delta,completed,1788427453738011,178842683956183202,178842684114091201,9,,1788427453737936,1788427453737941,1788427453738011,,,"delta_len=58,sent_us=1788427453661272",,,,,70
server,client_mutation,completed,1788427453836950,178842683956183202,,,,1788427453834650,1788427453834650,1788427453836950,,,http_data_plane,,,,,2300
server,peer_replication_pull_request,sent,1788427453934636,178842683956183202,,,,,,,,,connected_peers=16,,,,,
server,peer_replication_merge_delta,completed,1788427454022640,178842683956183202,,9,,1788427454018027,1788427454022610,1788427454022640,,,"delta_len=33,sent_us=1788427454000426",,,,,30
server,client_mutation,completed,1788427454336049,178842683956183202,,,,1788427454333845,1788427454333845,1788427454336049,,,http_data_plane,,,,,2204
server,client_mutation,completed,1788427454836347,178842683956183202,,,,1788427454833889,1788427454833889,1788427454836347,,,http_data_plane,,,,,2458
server,peer_replication_pull_request,sent,1788427454933870,178842683956183202,,,,,,,,,connected_peers=16,,,,,
server,peer_replication_merge_delta,completed,1788427454997561,178842683956183202,,9,,1788427454993410,1788427454997534,1788427454997561,,,"delta_len=28,sent_us=1788427454963415",,,,,27
server,client_mutation,completed,1788427455336274,178842683956183202,,,,1788427455333887,1788427455333887,1788427455336274,,,http_data_plane,,,,,2387
server,peer_replication_get_delta,completed,1788427455512871,178842683956183202,178842683956182202,9,,1788427455512797,1788427455512802,1788427455512871,,,"delta_len=38,sent_us=1788427455467671",,,,,69
server,client_mutation,completed,1788427455836915,178842683956183202,,,,1788427455834399,1788427455834399,1788427455836915,,,http_data_plane,,,,,2516
server,peer_replication_pull_request,sent,1788427455934575,178842683956183202,,,,,,,,,connected_peers=16,,,,,
server,peer_replication_merge_delta,completed,1788427456040412,178842683956183202,,9,,1788427456035379,1788427456040398,1788427456040412,,,"delta_len=17,sent_us=1788427456005140",,,,,14
server,peer_replication_get_delta,completed,1788427456295033,178842683956183202,178842684286997602,9,,1788427456294947,1788427456294953,1788427456295033,,,"delta_len=39,sent_us=1788427456226542",,,,,80
server,client_mutation,completed,1788427456337791,178842683956183202,,,,1788427456334930,1788427456334930,1788427456337791,,,http_data_plane,,,,,2861
server,peer_replication_get_delta,completed,1788427456513153,178842683956183202,178842683956182202,9,,1788427456513076,1788427456513082,1788427456513153,,,"delta_len=19,sent_us=1788427456466892",,,,,71
server,client_mutation,completed,1788427456836177,178842683956183202,,,,1788427456833953,1788427456833953,1788427456836177,,,http_data_plane,,,,,2224
server,peer_replication_pull_request,sent,1788427456934717,178842683956183202,,,,,,,,,connected_peers=16,,,,,
server,peer_replication_merge_delta,completed,1788427456992549,178842683956183202,,9,,1788427456984096,1788427456992513,1788427456992549,,,"delta_len=48,sent_us=1788427456983018",,,,,36
server,client_mutation,completed,1788427457336141,178842683956183202,,,,1788427457333941,1788427457333941,1788427457336141,,,http_data_plane,,,,,2200
server,peer_replication_get_delta,completed,1788427457633050,178842683956183202,178842684114092202,9,,1788427457632925,1788427457632938,1788427457633050,,,"delta_len=37,sent_us=1788427457553899",,,,,112
server,peer_replication_get_delta,completed,1788427457657614,178842683956183202,178842684286996602,9,,1788427457657549,1788427457657554,1788427457657614,,,"delta_len=40,sent_us=1788427457640103",,,,,60
server,client_mutation,completed,1788427457836013,178842683956183202,,,,1788427457834015,1788427457834015,1788427457836013,,,http_data_plane,,,,,1998
server,peer_replication_pull_request,sent,1788427457934717,178842683956183202,,,,,,,,,connected_peers=16,,,,,
server,peer_replication_merge_delta,completed,1788427457998605,178842683956183202,,9,,1788427457995652,1788427457998594,1788427457998605,,,"delta_len=7,sent_us=1788427457965128",,,,,11
server,client_mutation,completed,1788427458336190,178842683956183202,,,,1788427458334022,1788427458334022,1788427458336190,,,http_data_plane,,,,,2168
server,peer_replication_get_delta,completed,1788427458513656,178842683956183202,178842683956182202,9,,1788427458513590,1788427458513594,1788427458513656,,,"delta_len=27,sent_us=1788427458466928",,,,,62
server,membership_directory_read,completed,1788427458594607,178842683956183202,,,,,1788427458554384,1788427458594607,,,poll:57 descriptors,,,,,40223
server,client_mutation,completed,1788427458836341,178842683956183202,,,,1788427458834096,1788427458834096,1788427458836341,,,http_data_plane,,,,,2245
server,peer_replication_pull_request,sent,1788427458934303,178842683956183202,,,,,,,,,connected_peers=16,,,,,
server,peer_replication_merge_delta,completed,1788427459003079,178842683956183202,,9,,1788427458997529,1788427459003038,1788427459003079,,,"delta_len=40,sent_us=1788427458993150",,,,,41
server,peer_replication_get_delta,completed,1788427459294930,178842683956183202,178842684286997602,9,,1788427459294865,1788427459294869,1788427459294930,,,"delta_len=49,sent_us=1788427459226921",,,,,61
server,client_mutation,completed,1788427459336145,178842683956183202,,,,1788427459333903,1788427459333904,1788427459336145,,,http_data_plane,,,,,2241
server,client_mutation,completed,1788427459835994,178842683956183202,,,,1788427459833915,1788427459833915,1788427459835994,,,http_data_plane,,,,,2079
server,peer_replication_pull_request,sent,1788427459933884,178842683956183202,,,,,,,,,connected_peers=16,,,,,
server,peer_replication_merge_delta,completed,1788427460014916,178842683956183202,,9,,1788427460007972,1788427460014873,1788427460014916,,,"delta_len=66,sent_us=1788427460001546",,,,,43
server,client_mutation,completed,1788427460336157,178842683956183202,,,,1788427460333991,1788427460333991,1788427460336157,,,http_data_plane,,,,,2166
server,client_mutation,completed,1788427460836137,178842683956183202,,,,1788427460833960,1788427460833960,1788427460836137,,,http_data_plane,,,,,2177
server,peer_replication_pull_request,sent,1788427460933980,178842683956183202,,,,,,,,,connected_peers=16,,,,,
server,peer_replication_merge_delta,completed,1788427461023893,178842683956183202,,9,,1788427461020030,1788427461023873,1788427461023893,,,"delta_len=24,sent_us=1788427461001425",,,,,20
server,client_mutation,completed,1788427461336140,178842683956183202,,,,1788427461333982,1788427461333982,1788427461336140,,,http_data_plane,,,,,2158
server,client_mutation,completed,1788427461836067,178842683956183202,,,,1788427461833907,1788427461833907,1788427461836067,,,http_data_plane,,,,,2160
server,peer_replication_pull_request,sent,1788427461934109,178842683956183202,,,,,,,,,connected_peers=16,,,,,
server,client_mutation,completed,1788427462341632,178842683956183202,,,,1788427462338612,1788427462338612,1788427462341632,,,http_data_plane,,,,,3020
server,client_mutation,completed,1788427462836249,178842683956183202,,,,1788427462834005,1788427462834005,1788427462836249,,,http_data_plane,,,,,2244
server,peer_replication_pull_request,sent,1788427462934251,178842683956183202,,,,,,,,,connected_peers=16,,,,,
server,peer_replication_merge_delta,completed,1788427463014834,178842683956183202,,9,,1788427463007747,1788427463014793,1788427463014834,,,"delta_len=62,sent_us=1788427463001523",,,,,41
server,client_mutation,completed,1788427463336580,178842683956183202,,,,1788427463334275,1788427463334275,1788427463336580,,,http_data_plane,,,,,2305
server,membership_directory_read,completed,1788427463600087,178842683956183202,,,,,1788427463554509,1788427463600087,,,poll:57 descriptors,,,,,45578
server,client_mutation,completed,1788427463836609,178842683956183202,,,,1788427463834134,1788427463834134,1788427463836609,,,http_data_plane,,,,,2475
server,client_mutation,completed,1788427464341895,178842683956183202,,,,1788427464334739,1788427464334739,1788427464341895,,,http_data_plane,,,,,7156
server,client_mutation,completed,1788427464836070,178842683956183202,,,,1788427464833937,1788427464833937,1788427464836070,,,http_data_plane,,,,,2133
server,peer_replication_pull_request,sent,1788427464933941,178842683956183202,,,,,,,,,connected_peers=15,,,,,
server,peer_replication_merge_delta,completed,1788427464992366,178842683956183202,,9,,1788427464984172,1788427464992268,1788427464992366,,,"delta_len=98,sent_us=1788427464983164",,,,,98
server,client_mutation,completed,1788427465336125,178842683956183202,,,,1788427465334000,1788427465334000,1788427465336125,,,http_data_plane,,,,,2125
server,peer_replication_get_delta,completed,1788427465377657,178842683956183202,178842684114090201,9,,1788427465377586,1788427465377592,1788427465377657,,,"delta_len=42,sent_us=1788427465347674",,,,,65
server,client_mutation,completed,1788427465836645,178842683956183202,,,,1788427465834389,1788427465834389,1788427465836645,,,http_data_plane,,,,,2256
server,peer_replication_pull_request,sent,1788427465934355,178842683956183202,,,,,,,,,connected_peers=15,,,,,
server,client_mutation,completed,1788427466336391,178842683956183202,,,,1788427466334216,1788427466334216,1788427466336391,,,http_data_plane,,,,,2175
server,client_mutation,completed,1788427466836208,178842683956183202,,,,1788427466834007,1788427466834007,1788427466836208,,,http_data_plane,,,,,2201
server,peer_replication_pull_request,sent,1788427466934002,178842683956183202,,,,,,,,,connected_peers=15,,,,,
server,peer_replication_merge_delta,completed,1788427466938669,178842683956183202,,9,,1788427466935081,1788427466938653,1788427466938669,,,"delta_len=17,sent_us=1788427466934569",,,,,16
server,peer_replication_get_delta,completed,1788427467151023,178842683956183202,178842684114093202,9,,1788427467150861,1788427467150866,1788427467151023,,,"delta_len=40,sent_us=1788427467120568",,,,,157
server,client_mutation,completed,1788427467336163,178842683956183202,,,,1788427467333995,1788427467333996,1788427467336163,,,http_data_plane,,,,,2167
server,client_mutation,completed,1788427467836291,178842683956183202,,,,1788427467833977,1788427467833977,1788427467836291,,,http_data_plane,,,,,2314
server,peer_replication_pull_request,sent,1788427467934098,178842683956183202,,,,,,,,,connected_peers=15,,,,,
server,peer_replication_merge_delta,completed,1788427467983492,178842683956183202,,9,,1788427467974466,1788427467983440,1788427467983492,,,"delta_len=84,sent_us=1788427467964016",,,,,52
server,peer_replication_get_delta,completed,1788427468322907,178842683956183202,178842683956181201,9,,1788427468322836,1788427468322841,1788427468322907,,,"delta_len=47,sent_us=1788427468281478",,,,,66
server,client_mutation,completed,1788427468336955,178842683956183202,,,,1788427468334555,1788427468334555,1788427468336955,,,http_data_plane,,,,,2400
server,membership_directory_read,completed,1788427468595737,178842683956183202,,,,,1788427468553890,1788427468595737,,,poll:57 descriptors,,,,,41847
server,peer_replication_get_delta,completed,1788427468691596,178842683956183202,178842684114091201,9,,1788427468691522,1788427468691527,1788427468691596,,,"delta_len=72,sent_us=1788427468661259",,,,,69
server,client_mutation,completed,1788427468837305,178842683956183202,,,,1788427468835105,1788427468835106,1788427468837305,,,http_data_plane,,,,,2199
server,peer_replication_pull_request,sent,1788427468934073,178842683956183202,,,,,,,,,connected_peers=15,,,,,
server,peer_replication_merge_delta,completed,1788427469038548,178842683956183202,,9,,1788427469034531,1788427469038521,1788427469038548,,,"delta_len=29,sent_us=1788427469004887",,,,,27
server,peer_replication_get_delta,completed,1788427469192535,178842683956183202,178842684114093202,9,,1788427469192456,1788427469192461,1788427469192535,,,"delta_len=59,sent_us=1788427469120373",,,,,74
server,client_mutation,completed,1788427469336297,178842683956183202,,,,1788427469333926,1788427469333926,1788427469336297,,,http_data_plane,,,,,2371
server,client_mutation,completed,1788427469836152,178842683956183202,,,,1788427469833946,1788427469833946,1788427469836152,,,http_data_plane,,,,,2206
server,peer_replication_pull_request,sent,1788427469933971,178842683956183202,,,,,,,,,connected_peers=15,,,,,
server,peer_replication_merge_delta,completed,1788427470002717,178842683956183202,,9,,1788427469997563,1788427470002685,1788427470002717,,,"delta_len=45,sent_us=1788427469993198",,,,,32
server,peer_replication_get_delta,completed,1788427470244844,178842683956183202,178842684286997602,9,,1788427470244780,1788427470244786,1788427470244844,,,"delta_len=32,sent_us=1788427470226445",,,,,58
server,client_mutation,completed,1788427470336118,178842683956183202,,,,1788427470333929,1788427470333930,1788427470336118,,,http_data_plane,,,,,2188
server,peer_replication_get_delta,completed,1788427470422248,178842683956183202,178842684114090201,9,,1788427470422182,1788427470422187,1788427470422248,,,"delta_len=28,sent_us=1788427470347986",,,,,61
server,client_mutation,completed,1788427470836728,178842683956183202,,,,1788427470834111,1788427470834111,1788427470836728,,,http_data_plane,,,,,2617
server,peer_replication_pull_request,sent,1788427470933913,178842683956183202,,,,,,,,,connected_peers=15,,,,,
server,peer_replication_merge_delta,completed,1788427471038335,178842683956183202,,9,,1788427471035367,1788427471038327,1788427471038335,,,"delta_len=6,sent_us=1788427471005144",,,,,8
server,peer_replication_get_delta,completed,1788427471332799,178842683956183202,178842683956181201,9,,1788427471332730,1788427471332734,1788427471332799,,,"delta_len=43,sent_us=1788427471282352",,,,,65
server,client_mutation,completed,1788427471336658,178842683956183202,,,,1788427471334257,1788427471334257,1788427471336658,,,http_data_plane,,,,,2401
server,peer_replication_get_delta,completed,1788427471679260,178842683956183202,178842683956185201,9,,1788427471679119,1788427471679124,1788427471679260,,,"delta_len=6,sent_us=1788427471678028",,,,,136
server,client_mutation,completed,1788427471836268,178842683956183202,,,,1788427471833936,1788427471833936,1788427471836268,,,http_data_plane,,,,,2332
server,peer_replication_pull_request,sent,1788427471934077,178842683956183202,,,,,,,,,connected_peers=15,,,,,
server,peer_replication_merge_delta,completed,1788427471993530,178842683956183202,,9,,1788427471984332,1788427471993475,1788427471993530,,,"delta_len=93,sent_us=1788427471983127",,,,,55
server,client_mutation,completed,1788427472336731,178842683956183202,,,,1788427472334338,1788427472334338,1788427472336731,,,http_data_plane,,,,,2393
server,peer_replication_get_delta,completed,1788427472387175,178842683956183202,178842683956184202,9,,1788427472387074,1788427472387080,1788427472387175,,,"delta_len=5,sent_us=1788427472385923",,,,,95
server,client_mutation,completed,1788427472836069,178842683956183202,,,,1788427472833898,1788427472833898,1788427472836069,,,http_data_plane,,,,,2171
server,peer_replication_pull_request,sent,1788427472933909,178842683956183202,,,,,,,,,connected_peers=15,,,,,
server,peer_replication_merge_delta,completed,1788427472997677,178842683956183202,,9,,1788427472993631,1788427472997653,1788427472997677,,,"delta_len=24,sent_us=1788427472963551",,,,,24
server,peer_replication_get_delta,completed,1788427473294836,178842683956183202,178842684286997602,9,,1788427473294739,1788427473294752,1788427473294836,,,"delta_len=39,sent_us=1788427473226624",,,,,84
server,client_mutation,completed,1788427473337662,178842683956183202,,,,1788427473334572,1788427473334572,1788427473337662,,,http_data_plane,,,,,3090
server,membership_directory_read,completed,1788427473599640,178842683956183202,,,,,1788427473554131,1788427473599640,,,poll:57 descriptors,,,,,45509
server,client_mutation,completed,1788427473836279,178842683956183202,,,,1788427473833972,1788427473833972,1788427473836279,,,http_data_plane,,,,,2307
server,peer_replication_pull_request,sent,1788427473934060,178842683956183202,,,,,,,,,connected_peers=15,,,,,
server,peer_replication_merge_delta,completed,1788427474039672,178842683956183202,,9,,1788427474035297,1788427474039653,1788427474039672,,,"delta_len=23,sent_us=1788427474005150",,,,,19
server,client_mutation,completed,1788427474335979,178842683956183202,,,,1788427474333868,1788427474333868,1788427474335979,,,http_data_plane,,,,,2111
server,peer_replication_get_delta,completed,1788427474433104,178842683956183202,178842683956184202,9,,1788427474433042,1788427474433047,1788427474433104,,,"delta_len=29,sent_us=1788427474385247",,,,,57
server,peer_replication_get_delta,completed,1788427474704259,178842683956183202,178842684286996602,9,,1788427474704186,1788427474704190,1788427474704259,,,"delta_len=49,sent_us=1788427474639649",,,,,69
server,peer_replication_get_delta,completed,1788427474743095,178842683956183202,178842684114091201,9,,1788427474743029,1788427474743033,1788427474743095,,,"delta_len=31,sent_us=1788427474661203",,,,,62
server,client_mutation,completed,1788427474835954,178842683956183202,,,,1788427474833881,1788427474833881,1788427474835954,,,http_data_plane,,,,,2073
server,peer_replication_pull_request,sent,1788427474934632,178842683956183202,,,,,,,,,connected_peers=15,,,,,
server,peer_replication_merge_delta,completed,1788427474965466,178842683956183202,,9,,1788427474958144,1788427474965425,1788427474965466,,,"delta_len=71,sent_us=1788427474951451",,,,,41
server,client_mutation,completed,1788427475336058,178842683956183202,,,,1788427475333938,1788427475333938,1788427475336058,,,http_data_plane,,,,,2120
server,peer_replication_get_delta,completed,1788427475377810,178842683956183202,178842684114090201,9,,1788427475377644,1788427475377648,1788427475377810,,,"delta_len=44,sent_us=1788427475347741",,,,,162
server,client_mutation,completed,1788427475836232,178842683956183202,,,,1788427475833980,1788427475833980,1788427475836232,,,http_data_plane,,,,,2252
server,peer_replication_pull_request,sent,1788427475934020,178842683956183202,,,,,,,,,connected_peers=15,,,,,
server,client_mutation,completed,1788427476336056,178842683956183202,,,,1788427476333879,1788427476333879,1788427476336056,,,http_data_plane,,,,,2177
server,client_mutation,completed,1788427476837324,178842683956183202,,,,1788427476834603,1788427476834604,1788427476837324,,,http_data_plane,,,,,2720
server,peer_replication_pull_request,sent,1788427476935231,178842683956183202,,,,,,,,,connected_peers=15,,,,,
server,peer_replication_merge_delta,completed,1788427477032674,178842683956183202,,9,,1788427477025336,1788427477032641,1788427477032674,,,"delta_len=41,sent_us=1788427477014901",,,,,33
server,peer_replication_get_delta,completed,1788427477151533,178842683956183202,178842684114093202,9,,1788427477151469,1788427477151474,1788427477151533,,,"delta_len=28,sent_us=1788427477120760",,,,,59
server,client_mutation,completed,1788427477336378,178842683956183202,,,,1788427477334207,1788427477334207,1788427477336378,,,http_data_plane,,,,,2171
server,peer_replication_get_delta,completed,1788427477467351,178842683956183202,178842683956182202,9,,1788427477467289,1788427477467293,1788427477467351,,,"delta_len=10,sent_us=1788427477466809",,,,,58
server,client_mutation,completed,1788427477836064,178842683956183202,,,,1788427477833901,1788427477833902,1788427477836064,,,http_data_plane,,,,,2162
server,peer_replication_pull_request,sent,1788427477933972,178842683956183202,,,,,,,,,connected_peers=15,,,,,
server,peer_replication_merge_delta,completed,1788427477980427,178842683956183202,,9,,1788427477974435,1788427477980390,1788427477980427,,,"delta_len=48,sent_us=1788427477964056",,,,,37
server,peer_replication_get_delta,completed,1788427478192526,178842683956183202,178842684114093202,9,,1788427478192457,1788427478192462,1788427478192526,,,"delta_len=2,sent_us=1788427478120513",,,,,64
server,client_mutation,completed,1788427478336182,178842683956183202,,,,1788427478333876,1788427478333876,1788427478336182,,,http_data_plane,,,,,2306
server,membership_directory_read,completed,1788427478599843,178842683956183202,,,,,1788427478554325,1788427478599843,,,poll:57 descriptors,,,,,45518
server,client_mutation,completed,1788427478836494,178842683956183202,,,,1788427478834164,1788427478834164,1788427478836494,,,http_data_plane,,,,,2330
server,peer_replication_pull_request,sent,1788427478934255,178842683956183202,,,,,,,,,connected_peers=15,,,,,
server,peer_replication_merge_delta,completed,1788427479022834,178842683956183202,,9,,1788427479015593,1788427479022789,1788427479022834,,,"delta_len=72,sent_us=1788427479005263",,,,,45
server,client_mutation,completed,1788427479336176,178842683956183202,,,,1788427479333964,1788427479333964,1788427479336176,,,http_data_plane,,,,,2212
server,client_mutation,completed,1788427479836126,178842683956183202,,,,1788427479833935,1788427479833935,1788427479836126,,,http_data_plane,,,,,2191
server,peer_replication_pull_request,sent,1788427479934022,178842683956183202,,,,,,,,,connected_peers=15,,,,,
server,peer_replication_merge_delta,completed,1788427480038766,178842683956183202,,9,,1788427480035134,1788427480038752,1788427480038766,,,"delta_len=15,sent_us=1788427480005121",,,,,14
server,client_mutation,completed,1788427480336124,178842683956183202,,,,1788427480333829,1788427480333829,1788427480336124,,,http_data_plane,,,,,2295
server,client_mutation,completed,1788427480837035,178842683956183202,,,,1788427480834642,1788427480834642,1788427480837035,,,http_data_plane,,,,,2393
server,peer_replication_pull_request,sent,1788427480933877,178842683956183202,,,,,,,,,connected_peers=15,,,,,
server,peer_replication_merge_delta,completed,1788427481037156,178842683956183202,,9,,1788427481034585,1788427481037150,1788427481037156,,,"delta_len=2,sent_us=1788427481004957",,,,,6
server,peer_replication_get_delta,completed,1788427481332986,178842683956183202,178842683956181201,9,,1788427481332922,1788427481332927,1788427481332986,,,"delta_len=27,sent_us=1788427481282127",,,,,59
server,client_mutation,completed,1788427481336280,178842683956183202,,,,1788427481334128,1788427481334128,1788427481336280,,,http_data_plane,,,,,2152
server,peer_replication_get_delta,completed,1788427481422488,178842683956183202,178842684114090201,9,,1788427481422311,1788427481422317,1788427481422488,,,"delta_len=27,sent_us=1788427481348458",,,,,171
server,client_mutation,completed,1788427481836673,178842683956183202,,,,1788427481834526,1788427481834526,1788427481836673,,,http_data_plane,,,,,2147
server,peer_replication_pull_request,sent,1788427481934386,178842683956183202,,,,,,,,,connected_peers=15,,,,,
server,peer_replication_merge_delta,completed,1788427482038436,178842683956183202,,9,,1788427482034657,1788427482038289,1788427482038436,,,"delta_len=12,sent_us=1788427482005003",,,,,147
server,client_mutation,completed,1788427482336196,178842683956183202,,,,1788427482334012,1788427482334013,1788427482336196,,,http_data_plane,,,,,2183
server,client_mutation,completed,1788427482836217,178842683956183202,,,,1788427482833924,1788427482833924,1788427482836217,,,http_data_plane,,,,,2293
server,peer_replication_pull_request,sent,1788427482934084,178842683956183202,,,,,,,,,connected_peers=15,,,,,
server,peer_replication_merge_delta,completed,1788427482943422,178842683956183202,,9,,1788427482935301,1788427482943362,1788427482943422,,,"delta_len=92,sent_us=1788427482934695",,,,,60
server,client_mutation,completed,1788427483336024,178842683956183202,,,,1788427483333918,1788427483333919,1788427483336024,,,http_data_plane,,,,,2105
server,membership_directory_read,completed,1788427483599963,178842683956183202,,,,,1788427483553947,1788427483599963,,,poll:57 descriptors,,,,,46016
server,client_mutation,completed,1788427483836536,178842683956183202,,,,1788427483834406,1788427483834406,1788427483836536,,,http_data_plane,,,,,2130
server,peer_replication_pull_request,sent,1788427483934643,178842683956183202,,,,,,,,,connected_peers=15,,,,,
server,peer_replication_merge_delta,completed,1788427483943152,178842683956183202,,9,,1788427483936573,1788427483943117,1788427483943152,,,"delta_len=52,sent_us=1788427483935575",,,,,35
server,peer_replication_get_delta,completed,1788427484294793,178842683956183202,178842684286997602,9,,1788427484294721,1788427484294725,1788427484294793,,,"delta_len=68,sent_us=1788427484226322",,,,,68
server,client_mutation,completed,1788427484336535,178842683956183202,,,,1788427484334117,1788427484334117,1788427484336535,,,http_data_plane,,,,,2418
server,peer_replication_get_delta,completed,1788427484732601,178842683956183202,178842684114091201,9,,1788427484732532,1788427484732537,1788427484732601,,,"delta_len=17,sent_us=1788427484661323",,,,,64
server,client_mutation,completed,1788427484836470,178842683956183202,,,,1788427484834101,1788427484834101,1788427484836470,,,http_data_plane,,,,,2369
server,peer_replication_pull_request,sent,1788427484934193,178842683956183202,,,,,,,,,connected_peers=15,,,,,
server,peer_replication_merge_delta,completed,1788427484974203,178842683956183202,,9,,1788427484971481,1788427484974192,1788427484974203,,,"delta_len=5,sent_us=1788427484953037",,,,,11
server,client_mutation,completed,1788427485336099,178842683956183202,,,,1788427485333928,1788427485333928,1788427485336099,,,http_data_plane,,,,,2171
server,peer_replication_get_delta,completed,1788427485583679,178842683956183202,178842684114092202,9,,1788427485583484,1788427485583489,1788427485583679,,,"delta_len=4,sent_us=1788427485553413",,,,,190
server,client_mutation,completed,1788427485836086,178842683956183202,,,,1788427485833938,1788427485833938,1788427485836086,,,http_data_plane,,,,,2148
server,peer_replication_pull_request,sent,1788427485933766,178842683956183202,,,,,,,,,connected_peers=15,,,,,
server,peer_replication_merge_delta,completed,1788427485943399,178842683956183202,,9,,1788427485935659,1788427485943356,1788427485943399,,,"delta_len=71,sent_us=1788427485934725",,,,,43
server,client_mutation,completed,1788427486336650,178842683956183202,,,,1788427486334198,1788427486334198,1788427486336650,,,http_data_plane,,,,,2452
server,client_mutation,completed,1788427486835944,178842683956183202,,,,1788427486833872,1788427486833872,1788427486835944,,,http_data_plane,,,,,2072
server,peer_replication_pull_request,sent,1788427486934650,178842683956183202,,,,,,,,,connected_peers=15,,,,,
server,peer_replication_merge_delta,completed,1788427487019405,178842683956183202,,9,,1788427487015021,1788427487019380,1788427487019405,,,"delta_len=30,sent_us=1788427487004928",,,,,25
server,client_mutation,completed,1788427487336728,178842683956183202,,,,1788427487334403,1788427487334403,1788427487336728,,,http_data_plane,,,,,2325
server,peer_replication_get_delta,completed,1788427487386672,178842683956183202,178842683956184202,9,,1788427487386604,1788427487386609,1788427487386672,,,"delta_len=41,sent_us=1788427487385484",,,,,63
server,client_mutation,completed,1788427487836108,178842683956183202,,,,1788427487833933,1788427487833933,1788427487836108,,,http_data_plane,,,,,2175
server,peer_replication_pull_request,sent,1788427487933973,178842683956183202,,,,,,,,,connected_peers=15,,,,,
server,peer_replication_merge_delta,completed,1788427487981960,178842683956183202,,9,,1788427487975009,1788427487981802,1788427487981960,,,"delta_len=60,sent_us=1788427487964472",,,,,158
server,peer_replication_get_delta,completed,1788427488202576,178842683956183202,178842684114093202,9,,1788427488202507,1788427488202511,1788427488202576,,,"delta_len=30,sent_us=1788427488120589",,,,,65
server,client_mutation,completed,1788427488336192,178842683956183202,,,,1788427488333957,1788427488333957,1788427488336192,,,http_data_plane,,,,,2235
server,membership_directory_read,completed,1788427488595953,178842683956183202,,,,,1788427488554349,1788427488595953,,,poll:57 descriptors,,,,,41604
server,peer_replication_get_delta,completed,1788427488704003,178842683956183202,178842684286996602,9,,1788427488703890,1788427488703895,1788427488704003,,,"delta_len=16,sent_us=1788427488639694",,,,,108
server,client_mutation,completed,1788427488836264,178842683956183202,,,,1788427488834000,1788427488834000,1788427488836264,,,http_data_plane,,,,,2264
server,peer_replication_pull_request,sent,1788427488934925,178842683956183202,,,,,,,,,connected_peers=15,,,,,
server,peer_replication_merge_delta,completed,1788427488987210,178842683956183202,,9,,1788427488983787,1788427488987197,1788427488987210,,,"delta_len=9,sent_us=1788427488983174",,,,,13
server,peer_replication_get_delta,completed,1788427489282507,178842683956183202,178842683956181201,9,,1788427489282441,1788427489282446,1788427489282507,,,"delta_len=25,sent_us=1788427489281953",,,,,61
server,client_mutation,completed,1788427489336163,178842683956183202,,,,1788427489333842,1788427489333842,1788427489336163,,,http_data_plane,,,,,2321
server,peer_replication_get_delta,completed,1788427489433138,178842683956183202,178842683956184202,9,,1788427489433076,1788427489433081,1788427489433138,,,"delta_len=20,sent_us=1788427489385289",,,,,57
server,peer_replication_get_delta,completed,1788427489742606,178842683956183202,178842684114091201,9,,1788427489742537,1788427489742542,1788427489742606,,,"delta_len=10,sent_us=1788427489661461",,,,,64
server,client_mutation,completed,1788427489836313,178842683956183202,,,,1788427489834030,1788427489834030,1788427489836313,,,http_data_plane,,,,,2283
server,peer_replication_pull_request,sent,1788427489934249,178842683956183202,,,,,,,,,connected_peers=15,,,,,
server,peer_replication_merge_delta,completed,1788427490017635,178842683956183202,,9,,1788427490013871,1788427490017615,1788427490017635,,,"delta_len=21,sent_us=1788427489951084",,,,,20
server,peer_replication_get_delta,completed,1788427490332784,178842683956183202,178842683956181201,9,,1788427490332722,1788427490332727,1788427490332784,,,"delta_len=11,sent_us=1788427490282350",,,,,57
server,client_mutation,completed,1788427490336380,178842683956183202,,,,1788427490334129,1788427490334129,1788427490336380,,,http_data_plane,,,,,2251
server,client_mutation,completed,1788427490837107,178842683956183202,,,,1788427490834126,1788427490834126,1788427490837107,,,http_data_plane,,,,,2981
server,peer_replication_pull_request,sent,1788427490934092,178842683956183202,,,,,,,,,connected_peers=15,,,,,
server,peer_replication_merge_delta,completed,1788427490942516,178842683956183202,,9,,1788427490936064,1788427490942483,1788427490942516,,,"delta_len=45,sent_us=1788427490934964",,,,,33
server,client_mutation,completed,1788427491337386,178842683956183202,,,,1788427491334370,1788427491334370,1788427491337386,,,http_data_plane,,,,,3016
server,peer_replication_get_delta,completed,1788427491542118,178842683956183202,178842684426432102,9,,1788427491542035,1788427491542040,1788427491542118,,,"delta_len=57,sent_us=1788427491529585",,,,,78
server,client_mutation,completed,1788427491836483,178842683956183202,,,,1788427491834183,1788427491834183,1788427491836483,,,http_data_plane,,,,,2300
server,peer_replication_pull_request,sent,1788427491934655,178842683956183202,,,,,,,,,connected_peers=15,,,,,
server,peer_replication_merge_delta,completed,1788427492031495,178842683956183202,,9,,1788427492025398,1788427492031465,1788427492031495,,,"delta_len=38,sent_us=1788427492014863",,,,,30
server,peer_replication_get_delta,completed,1788427492192565,178842683956183202,178842684114093202,9,,1788427492192497,1788427492192502,1788427492192565,,,"delta_len=35,sent_us=1788427492120865",,,,,63
server,client_mutation,completed,1788427492336988,178842683956183202,,,,1788427492334359,1788427492334359,1788427492336988,,,http_data_plane,,,,,2629
server,client_mutation,completed,1788427492839161,178842683956183202,,,,1788427492834772,1788427492834772,1788427492839161,,,http_data_plane,,,,,4389
server,peer_replication_pull_request,sent,1788427492934025,178842683956183202,,,,,,,,,connected_peers=15,,,,,
server,peer_replication_merge_delta,completed,1788427492940421,178842683956183202,,9,,1788427492935405,1788427492940276,1788427492940421,,,"delta_len=28,sent_us=1788427492934661",,,,,145
server,peer_replication_get_delta,completed,1788427493322907,178842683956183202,178842683956181201,9,,1788427493322831,1788427493322836,1788427493322907,,,"delta_len=56,sent_us=1788427493281553",,,,,71
server,client_mutation,completed,1788427493336056,178842683956183202,,,,1788427493333863,1788427493333863,1788427493336056,,,http_data_plane,,,,,2193
server,membership_directory_read,completed,1788427493597484,178842683956183202,,,,,1788427493554068,1788427493597484,,,poll:57 descriptors,,,,,43416
server,client_mutation,completed,1788427493836200,178842683956183202,,,,1788427493833930,1788427493833931,1788427493836200,,,http_data_plane,,,,,2269
server,peer_replication_pull_request,sent,1788427493933969,178842683956183202,,,,,,,,,connected_peers=15,,,,,
server,peer_replication_merge_delta,completed,1788427494014342,178842683956183202,,9,,1788427494006582,1788427494014295,1788427494014342,,,"delta_len=73,sent_us=1788427494000314",,,,,47
server,client_mutation,completed,1788427494336040,178842683956183202,,,,1788427494333918,1788427494333918,1788427494336040,,,http_data_plane,,,,,2122
server,client_mutation,completed,1788427494836257,178842683956183202,,,,1788427494834045,1788427494834045,1788427494836257,,,http_data_plane,,,,,2212
server,peer_replication_pull_request,sent,1788427494934093,178842683956183202,,,,,,,,,connected_peers=15,,,,,
server,peer_replication_merge_delta,completed,1788427494981006,178842683956183202,,9,,1788427494974763,1788427494980959,1788427494981006,,,"delta_len=71,sent_us=1788427494964437",,,,,47
server,client_mutation,completed,1788427495336163,178842683956183202,,,,1788427495333913,1788427495333913,1788427495336163,,,http_data_plane,,,,,2250
server,peer_replication_get_delta,completed,1788427495387021,178842683956183202,178842683956184202,9,,1788427495386943,1788427495386948,1788427495387021,,,"delta_len=84,sent_us=1788427495386032",,,,,73
server,peer_replication_get_delta,completed,1788427495632397,178842683956183202,178842684114092202,9,,1788427495632306,1788427495632311,1788427495632397,,,"delta_len=31,sent_us=1788427495553372",,,,,86
server,client_mutation,completed,1788427495836343,178842683956183202,,,,1788427495834212,1788427495834212,1788427495836343,,,http_data_plane,,,,,2131
server,peer_replication_pull_request,sent,1788427495934057,178842683956183202,,,,,,,,,connected_peers=15,,,,,
server,client_mutation,completed,1788427496336614,178842683956183202,,,,1788427496334284,1788427496334284,1788427496336614,,,http_data_plane,,,,,2330
server,peer_replication_get_delta,completed,1788427496422536,178842683956183202,178842684114090201,9,,1788427496422292,1788427496422297,1788427496422536,,,"delta_len=29,sent_us=1788427496347669",,,,,239
server,client_mutation,completed,1788427496836163,178842683956183202,,,,1788427496833934,1788427496833935,1788427496836163,,,http_data_plane,,,,,2228
server,peer_replication_pull_request,sent,1788427496934004,178842683956183202,,,,,,,,,connected_peers=15,,,,,
server,peer_replication_merge_delta,completed,1788427496988618,178842683956183202,,9,,1788427496984365,1788427496988594,1788427496988618,,,"delta_len=25,sent_us=1788427496983205",,,,,24
server,peer_replication_get_delta,completed,1788427497192659,178842683956183202,178842684114093202,9,,1788427497192591,1788427497192598,1788427497192659,,,"delta_len=22,sent_us=1788427497120761",,,,,61
server,client_mutation,completed,1788427497336738,178842683956183202,,,,1788427497334250,1788427497334250,1788427497336738,,,http_data_plane,,,,,2488
server,peer_replication_get_delta,completed,1788427497616774,178842683956183202,178842684114094202,9,,1788427497616556,1788427497616561,1788427497616774,,,"delta_len=21,sent_us=1788427497586581",,,,,213
server,peer_replication_get_delta,completed,1788427497732619,178842683956183202,178842684114091201,9,,1788427497732554,1788427497732558,1788427497732619,,,"delta_len=19,sent_us=1788427497661243",,,,,61
server,client_mutation,completed,1788427497836066,178842683956183202,,,,1788427497833923,1788427497833923,1788427497836066,,,http_data_plane,,,,,2143
server,peer_replication_pull_request,sent,1788427497934232,178842683956183202,,,,,,,,,connected_peers=15,,,,,
server,peer_replication_merge_delta,completed,1788427498001144,178842683956183202,,9,,1788427497996520,1788427498001119,1788427498001144,,,"delta_len=23,sent_us=1788427497964538",,,,,25
server,client_mutation,completed,1788427498336432,178842683956183202,,,,1788427498334142,1788427498334143,1788427498336432,,,http_data_plane,,,,,2289
server,peer_replication_connection,established,1788427498429931,178842683956183202,178842683849154803,,,,,,,,,,,,,
server,membership_directory_read,completed,1788427498597488,178842683956183202,,,,,1788427498554263,1788427498597488,,,poll:60 descriptors,,,,,43225
server,peer_replication_connection,established,1788427498614580,178842683956183202,178842684426436102,,,,,,,,,,,,,
server,peer_replication_connection,established,1788427498681269,178842683956183202,178842683849155803,,,,,,,,,,,,,
server,peer_replication_get_delta,completed,1788427498705542,178842683956183202,178842683849155803,9,,1788427498705112,1788427498705117,1788427498705542,,,"delta_len=2262,sent_us=1788427498689275",,,,,425
server,client_mutation,completed,1788427498836542,178842683956183202,,,,1788427498834057,1788427498834057,1788427498836542,,,http_data_plane,,,,,2485
server,peer_replication_pull_request,sent,1788427498934358,178842683956183202,,,,,,,,,connected_peers=18,,,,,
server,peer_replication_merge_delta,completed,1788427498999063,178842683956183202,,9,,1788427498994352,1788427498999032,1788427498999063,,,"delta_len=35,sent_us=1788427498963927",,,,,31
server,client_mutation,completed,1788427499336004,178842683956183202,,,,1788427499333917,1788427499333917,1788427499336004,,,http_data_plane,,,,,2087
server,peer_replication_get_delta,completed,1788427499679123,178842683956183202,178842683956185201,9,,1788427499679057,1788427499679060,1788427499679123,,,"delta_len=16,sent_us=1788427499678440",,,,,63
server,client_mutation,completed,1788427499836079,178842683956183202,,,,1788427499833885,1788427499833885,1788427499836079,,,http_data_plane,,,,,2194
server,peer_replication_pull_request,sent,1788427499934027,178842683956183202,,,,,,,,,connected_peers=18,,,,,
server,peer_replication_merge_delta,completed,1788427500023642,178842683956183202,,9,,1788427500015667,1788427500023461,1788427500023642,,,"delta_len=80,sent_us=1788427500005255",,,,,181
server,client_mutation,completed,1788427500336322,178842683956183202,,,,1788427500333984,1788427500333984,1788427500336322,,,http_data_plane,,,,,2338
server,peer_replication_get_delta,completed,1788427500722960,178842683956183202,178842683956185201,9,,1788427500722890,1788427500722894,1788427500722960,,,"delta_len=71,sent_us=1788427500677969",,,,,66
server,client_mutation,completed,1788427500837925,178842683956183202,,,,1788427500834674,1788427500834675,1788427500837925,,,http_data_plane,,,,,3250
server,peer_replication_pull_request,sent,1788427500933978,178842683956183202,,,,,,,,,connected_peers=18,,,,,
server,peer_replication_merge_delta,completed,1788427500999588,178842683956183202,,9,,1788427500994200,1788427500999566,1788427500999588,,,"delta_len=23,sent_us=1788427500963855",,,,,22
server,client_mutation,completed,1788427501336781,178842683956183202,,,,1788427501334379,1788427501334379,1788427501336781,,,http_data_plane,,,,,2402
server,client_mutation,completed,1788427501839290,178842683956183202,,,,1788427501836161,1788427501836161,1788427501839290,,,http_data_plane,,,,,3129
server,peer_replication_pull_request,sent,1788427501934212,178842683956183202,,,,,,,,,connected_peers=18,,,,,
server,peer_replication_merge_delta,completed,1788427502015265,178842683956183202,,9,,1788427502009380,1788427502015196,1788427502015265,,,"delta_len=51,sent_us=1788427502002892",,,,,69
server,client_mutation,completed,1788427502336262,178842683956183202,,,,1788427502333849,1788427502333850,1788427502336262,,,http_data_plane,,,,,2412
server,peer_replication_get_delta,completed,1788427502598114,178842683956183202,178842684426432102,9,,1788427502598043,1788427502598048,1788427502598114,,,"delta_len=33,sent_us=1788427502529755",,,,,66
server,client_mutation,completed,1788427502836070,178842683956183202,,,,1788427502833877,1788427502833877,1788427502836070,,,http_data_plane,,,,,2193
server,client_mutation,completed,1788427503336910,178842683956183202,,,,1788427503334396,1788427503334396,1788427503336910,,,http_data_plane,,,,,2514
server,membership_directory_read,completed,1788427503595753,178842683956183202,,,,,1788427503553841,1788427503595753,,,poll:63 descriptors,,,,,41912
server,client_mutation,completed,1788427503836383,178842683956183202,,,,1788427503833995,1788427503833995,1788427503836383,,,http_data_plane,,,,,2388
server,peer_replication_pull_request,sent,1788427503934345,178842683956183202,,,,,,,,,connected_peers=17,,,,,
server,peer_replication_merge_delta,completed,1788427503981773,178842683956183202,,9,,1788427503974211,1788427503981660,1788427503981773,,,"delta_len=89,sent_us=1788427503964077",,,,,113
server,client_mutation,completed,1788427504336590,178842683956183202,,,,1788427504334112,1788427504334112,1788427504336590,,,http_data_plane,,,,,2478
server,client_mutation,completed,1788427504836173,178842683956183202,,,,1788427504833894,1788427504833895,1788427504836173,,,http_data_plane,,,,,2278
server,peer_replication_pull_request,sent,1788427504933917,178842683956183202,,,,,,,,,connected_peers=17,,,,,
server,peer_replication_merge_delta,completed,1788427505020664,178842683956183202,,9,,1788427505015433,1788427505020620,1788427505020664,,,"delta_len=48,sent_us=1788427505005168",,,,,44
server,client_mutation,completed,1788427505336155,178842683956183202,,,,1788427505333902,1788427505333902,1788427505336155,,,http_data_plane,,,,,2253
server,peer_replication_get_delta,completed,1788427505691669,178842683956183202,178842684114091201,9,,1788427505691594,1788427505691598,1788427505691669,,,"delta_len=40,sent_us=1788427505661315",,,,,71
server,client_mutation,completed,1788427505836118,178842683956183202,,,,1788427505833938,1788427505833938,1788427505836118,,,http_data_plane,,,,,2180
server,peer_replication_pull_request,sent,1788427505934058,178842683956183202,,,,,,,,,connected_peers=17,,,,,
server,peer_replication_merge_delta,completed,1788427505980184,178842683956183202,,9,,1788427505974538,1788427505980138,1788427505980184,,,"delta_len=41,sent_us=1788427505964129",,,,,46
server,client_mutation,completed,1788427506336228,178842683956183202,,,,1788427506333884,1788427506333884,1788427506336228,,,http_data_plane,,,,,2344
server,peer_replication_get_delta,completed,1788427506432848,178842683956183202,178842683956184202,9,,1788427506432777,1788427506432782,1788427506432848,,,"delta_len=59,sent_us=1788427506385275",,,,,66
server,peer_replication_get_delta,completed,1788427506732614,178842683956183202,178842684114091201,9,,1788427506732548,1788427506732554,1788427506732614,,,"delta_len=19,sent_us=1788427506661379",,,,,60
server,client_mutation,completed,1788427506836267,178842683956183202,,,,1788427506833909,1788427506833910,1788427506836267,,,http_data_plane,,,,,2357
server,peer_replication_pull_request,sent,1788427506934006,178842683956183202,,,,,,,,,connected_peers=17,,,,,
server,peer_replication_merge_delta,completed,1788427506943813,178842683956183202,,9,,1788427506935415,1788427506943737,1788427506943813,,,"delta_len=90,sent_us=1788427506934628",,,,,76
server,client_mutation,completed,1788427507336803,178842683956183202,,,,1788427507334298,1788427507334298,1788427507336803,,,http_data_plane,,,,,2505
server,client_mutation,completed,1788427507836203,178842683956183202,,,,1788427507833956,1788427507833956,1788427507836203,,,http_data_plane,,,,,2247
server,peer_replication_pull_request,sent,1788427507934096,178842683956183202,,,,,,,,,connected_peers=17,,,,,
server,peer_replication_merge_delta,completed,1788427508039032,178842683956183202,,9,,1788427508034789,1788427508039012,1788427508039032,,,"delta_len=26,sent_us=1788427508004907",,,,,20
server,client_mutation,completed,1788427508336386,178842683956183202,,,,1788427508334178,1788427508334178,1788427508336386,,,http_data_plane,,,,,2208
server,membership_directory_read,completed,1788427508600647,178842683956183202,,,,,1788427508554230,1788427508600647,,,poll:63 descriptors,,,,,46417
server,peer_replication_get_delta,completed,1788427508678918,178842683956183202,178842683956185201,9,,1788427508678849,1788427508678853,1788427508678918,,,"delta_len=33,sent_us=1788427508678008",,,,,65
server,client_mutation,completed,1788427508836112,178842683956183202,,,,1788427508833872,1788427508833872,1788427508836112,,,http_data_plane,,,,,2240
server,peer_replication_pull_request,sent,1788427508933856,178842683956183202,,,,,,,,,connected_peers=17,,,,,
server,peer_replication_merge_delta,completed,1788427509025387,178842683956183202,,9,,1788427509019824,1788427509025344,1788427509025387,,,"delta_len=32,sent_us=1788427509001435",,,,,43
server,client_mutation,completed,1788427509336329,178842683956183202,,,,1788427509334116,1788427509334116,1788427509336329,,,http_data_plane,,,,,2213
server,peer_replication_get_delta,completed,1788427509657498,178842683956183202,178842684286996602,9,,1788427509657408,1788427509657413,1788427509657498,,,"delta_len=79,sent_us=1788427509640114",,,,,85
server,client_mutation,completed,1788427509836263,178842683956183202,,,,1788427509834175,1788427509834175,1788427509836263,,,http_data_plane,,,,,2088
server,peer_replication_pull_request,sent,1788427509933974,178842683956183202,,,,,,,,,connected_peers=17,,,,,
server,peer_replication_merge_delta,completed,1788427510039717,178842683956183202,,9,,1788427510035335,1788427510039683,1788427510039717,,,"delta_len=25,sent_us=1788427510005154",,,,,34
server,peer_replication_get_delta,completed,1788427510323008,178842683956183202,178842683956181201,9,,1788427510322932,1788427510322936,1788427510323008,,,"delta_len=78,sent_us=1788427510282022",,,,,72
server,client_mutation,completed,1788427510336174,178842683956183202,,,,1788427510334033,1788427510334033,1788427510336174,,,http_data_plane,,,,,2141
server,peer_replication_get_delta,completed,1788427510432851,178842683956183202,178842683956184202,9,,1788427510432772,1788427510432777,1788427510432851,,,"delta_len=72,sent_us=1788427510386179",,,,,74
server,client_mutation,completed,1788427510836135,178842683956183202,,,,1788427510833881,1788427510833882,1788427510836135,,,http_data_plane,,,,,2253
server,peer_replication_pull_request,sent,1788427510933929,178842683956183202,,,,,,,,,connected_peers=17,,,,,
server,client_mutation,completed,1788427511336525,178842683956183202,,,,1788427511334067,1788427511334067,1788427511336525,,,http_data_plane,,,,,2458
server,peer_replication_get_delta,completed,1788427511378459,178842683956183202,178842684114090201,9,,1788427511378373,1788427511378378,1788427511378459,,,"delta_len=28,sent_us=1788427511348466",,,,,81
server,client_mutation,completed,1788427511836207,178842683956183202,,,,1788427511833901,1788427511833901,1788427511836207,,,http_data_plane,,,,,2306
server,peer_replication_pull_request,sent,1788427511934009,178842683956183202,,,,,,,,,connected_peers=17,,,,,
server,peer_replication_merge_delta,completed,1788427511943504,178842683956183202,,9,,1788427511937035,1788427511943444,1788427511943504,,,"delta_len=65,sent_us=1788427511936496",,,,,60
server,client_mutation,completed,1788427512336343,178842683956183202,,,,1788427512333932,1788427512333932,1788427512336343,,,http_data_plane,,,,,2411
server,peer_replication_get_delta,completed,1788427512467576,178842683956183202,178842683956182202,9,,1788427512467506,1788427512467512,1788427512467576,,,"delta_len=22,sent_us=1788427512466840",,,,,64
server,peer_replication_get_delta,completed,1788427512584070,178842683956183202,178842684114092202,9,,1788427512583953,1788427512583959,1788427512584070,,,"delta_len=20,sent_us=1788427512553698",,,,,111
server,client_mutation,completed,1788427512836140,178842683956183202,,,,1788427512833944,1788427512833944,1788427512836140,,,http_data_plane,,,,,2196
server,peer_replication_pull_request,sent,1788427512933939,178842683956183202,,,,,,,,,connected_peers=17,,,,,
server,peer_replication_merge_delta,completed,1788427512987510,178842683956183202,,9,,1788427512982556,1788427512987474,1788427512987510,,,"delta_len=39,sent_us=1788427512970163",,,,,36
server,client_mutation,completed,1788427513336062,178842683956183202,,,,1788427513333925,1788427513333925,1788427513336062,,,http_data_plane,,,,,2137
server,membership_directory_read,completed,1788427513598553,178842683956183202,,,,,1788427513553940,1788427513598553,,,poll:63 descriptors,,,,,44613
server,peer_replication_get_delta,completed,1788427513723029,178842683956183202,178842683956185201,9,,1788427513722723,1788427513722802,1788427513723029,,,"delta_len=49,sent_us=1788427513678098",,,,,227
server,client_mutation,completed,1788427513836206,178842683956183202,,,,1788427513833937,1788427513833937,1788427513836206,,,http_data_plane,,,,,2269
server,peer_replication_pull_request,sent,1788427513934013,178842683956183202,,,,,,,,,connected_peers=17,,,,,
server,peer_replication_merge_delta,completed,1788427513983147,178842683956183202,,9,,1788427513974631,1788427513983093,1788427513983147,,,"delta_len=94,sent_us=1788427513964291",,,,,54
server,client_mutation,completed,1788427514336144,178842683956183202,,,,1788427514333976,1788427514333976,1788427514336144,,,http_data_plane,,,,,2168
server,client_mutation,completed,1788427514836009,178842683956183202,,,,1788427514833856,1788427514833856,1788427514836009,,,http_data_plane,,,,,2153
server,peer_replication_pull_request,sent,1788427514933836,178842683956183202,,,,,,,,,connected_peers=17,,,,,
server,client_mutation,completed,1788427515336226,178842683956183202,,,,1788427515333988,1788427515333988,1788427515336226,,,http_data_plane,,,,,2238
server,client_mutation,completed,1788427515837024,178842683956183202,,,,1788427515834367,1788427515834368,1788427515837024,,,http_data_plane,,,,,2656
server,peer_replication_pull_request,sent,1788427515933843,178842683956183202,,,,,,,,,connected_peers=17,,,,,
server,peer_replication_merge_delta,completed,1788427515997139,178842683956183202,,9,,1788427515984667,1788427515996920,1788427515997139,,,"delta_len=135,sent_us=1788427515983372",,,,,219
server,client_mutation,completed,1788427516336007,178842683956183202,,,,1788427516333839,1788427516333839,1788427516336007,,,http_data_plane,,,,,2168
server,peer_replication_get_delta,completed,1788427516703831,178842683956183202,178842684286996602,9,,1788427516703756,1788427516703760,1788427516703831,,,"delta_len=43,sent_us=1788427516639550",,,,,71
server,client_mutation,completed,1788427516836041,178842683956183202,,,,1788427516833981,1788427516833981,1788427516836041,,,http_data_plane,,,,,2060
server,peer_replication_pull_request,sent,1788427516934780,178842683956183202,,,,,,,,,connected_peers=17,,,,,
server,peer_replication_merge_delta,completed,1788427516939846,178842683956183202,,9,,1788427516935860,1788427516939827,1788427516939846,,,"delta_len=17,sent_us=1788427516935326",,,,,19
server,peer_replication_get_delta,completed,1788427517151183,178842683956183202,178842684114093202,9,,1788427517151111,1788427517151117,1788427517151183,,,"delta_len=43,sent_us=1788427517120719",,,,,66
server,client_mutation,completed,1788427517336101,178842683956183202,,,,1788427517333897,1788427517333897,1788427517336101,,,http_data_plane,,,,,2204
server,peer_replication_get_delta,completed,1788427517703855,178842683956183202,178842684286996602,9,,1788427517703789,1788427517703794,1788427517703855,,,"delta_len=15,sent_us=1788427517639431",,,,,61
server,client_mutation,completed,1788427517836113,178842683956183202,,,,1788427517833867,1788427517833867,1788427517836113,,,http_data_plane,,,,,2246
server,peer_replication_pull_request,sent,1788427517933990,178842683956183202,,,,,,,,,connected_peers=17,,,,,
server,peer_replication_merge_delta,completed,1788427517961660,178842683956183202,,9,,1788427517957019,1788427517961628,1788427517961660,,,"delta_len=35,sent_us=1788427517950947",,,,,32
server,client_mutation,completed,1788427518336095,178842683956183202,,,,1788427518333890,1788427518333890,1788427518336095,,,http_data_plane,,,,,2205
server,peer_replication_get_delta,completed,1788427518422265,178842683956183202,178842684114090201,9,,1788427518422191,1788427518422195,1788427518422265,,,"delta_len=30,sent_us=1788427518347730",,,,,70
server,membership_directory_read,completed,1788427518601580,178842683956183202,,,,,1788427518554705,1788427518601580,,,poll:63 descriptors,,,,,46875
server,peer_replication_get_delta,completed,1788427518722801,178842683956183202,178842683956185201,9,,1788427518722725,1788427518722737,1788427518722801,,,"delta_len=2,sent_us=1788427518678119",,,,,64
server,client_mutation,completed,1788427518836732,178842683956183202,,,,1788427518834333,1788427518834333,1788427518836732,,,http_data_plane,,,,,2399
server,peer_replication_pull_request,sent,1788427518934622,178842683956183202,,,,,,,,,connected_peers=17,,,,,
server,client_mutation,completed,1788427519336080,178842683956183202,,,,1788427519333966,1788427519333966,1788427519336080,,,http_data_plane,,,,,2114
server,peer_replication_get_delta,completed,1788427519422291,178842683956183202,178842684114090201,9,,1788427519422224,1788427519422229,1788427519422291,,,"delta_len=2,sent_us=1788427519348606",,,,,62
server,client_mutation,completed,1788427519836130,178842683956183202,,,,1788427519833891,1788427519833891,1788427519836130,,,http_data_plane,,,,,2239
server,peer_replication_pull_request,sent,1788427519934051,178842683956183202,,,,,,,,,connected_peers=17,,,,,
server,peer_replication_merge_delta,completed,1788427520018491,178842683956183202,,9,,1788427520006385,1788427520018379,1788427520018491,,,"delta_len=134,sent_us=1788427519969926",,,,,112
server,client_mutation,completed,1788427520336079,178842683956183202,,,,1788427520333895,1788427520333895,1788427520336079,,,http_data_plane,,,,,2184
server,client_mutation,completed,1788427520836457,178842683956183202,,,,1788427520833941,1788427520833941,1788427520836457,,,http_data_plane,,,,,2516
server,peer_replication_pull_request,sent,1788427520934397,178842683956183202,,,,,,,,,connected_peers=17,,,,,
server,peer_replication_merge_delta,completed,1788427520990953,178842683956183202,,9,,1788427520983556,1788427520990862,1788427520990953,,,"delta_len=70,sent_us=1788427520982871",,,,,91
server,peer_replication_get_delta,completed,1788427521283016,178842683956183202,178842683956181201,9,,1788427521282941,1788427521282945,1788427521283016,,,"delta_len=40,sent_us=1788427521282187",,,,,71
server,client_mutation,completed,1788427521336011,178842683956183202,,,,1788427521333918,1788427521333918,1788427521336011,,,http_data_plane,,,,,2093
server,peer_replication_get_delta,completed,1788427521386165,178842683956183202,178842683956184202,9,,1788427521386098,1788427521386102,1788427521386165,,,"delta_len=23,sent_us=1788427521385602",,,,,63
server,client_mutation,completed,1788427521836217,178842683956183202,,,,1788427521834085,1788427521834085,1788427521836217,,,http_data_plane,,,,,2132
server,peer_replication_pull_request,sent,1788427521934379,178842683956183202,,,,,,,,,connected_peers=17,,,,,
server,peer_replication_merge_delta,completed,1788427522037074,178842683956183202,,9,,1788427522029399,1788427522037004,1788427522037074,,,"delta_len=58,sent_us=1788427522015699",,,,,70
server,client_mutation,completed,1788427522336486,178842683956183202,,,,1788427522334093,1788427522334093,1788427522336486,,,http_data_plane,,,,,2393
server,client_mutation,completed,1788427522836104,178842683956183202,,,,1788427522834010,1788427522834010,1788427522836104,,,http_data_plane,,,,,2094
server,client_mutation,completed,1788427523336055,178842683956183202,,,,1788427523333880,1788427523333880,1788427523336055,,,http_data_plane,,,,,2175
server,membership_directory_read,completed,1788427523600081,178842683956183202,,,,,1788427523554010,1788427523600081,,,poll:63 descriptors,,,,,46071
server,client_mutation,completed,1788427523836260,178842683956183202,,,,1788427523834010,1788427523834010,1788427523836260,,,http_data_plane,,,,,2250
server,peer_replication_pull_request,sent,1788427523934361,178842683956183202,,,,,,,,,connected_peers=16,,,,,
server,peer_replication_merge_delta,completed,1788427523982498,178842683956183202,,9,,1788427523974892,1788427523982449,1788427523982498,,,"delta_len=76,sent_us=1788427523964599",,,,,49
server,client_mutation,completed,1788427524336068,178842683956183202,,,,1788427524333879,1788427524333879,1788427524336068,,,http_data_plane,,,,,2189
server,peer_replication_get_delta,completed,1788427524431197,178842683956183202,178842683849154803,9,,1788427524431124,1788427524431130,1788427524431197,,,"delta_len=51,sent_us=1788427524395069",,,,,67
server,peer_replication_get_delta,completed,1788427524722834,178842683956183202,178842683956185201,9,,1788427524722753,1788427524722759,1788427524722834,,,"delta_len=14,sent_us=1788427524677965",,,,,75
server,client_mutation,completed,1788427524836019,178842683956183202,,,,1788427524833910,1788427524833910,1788427524836019,,,http_data_plane,,,,,2109
server,peer_replication_pull_request,sent,1788427524934717,178842683956183202,,,,,,,,,connected_peers=16,,,,,
server,peer_replication_merge_delta,completed,1788427525013081,178842683956183202,,9,,1788427525007995,1788427525013051,1788427525013081,,,"delta_len=45,sent_us=1788427525001675",,,,,30
server,client_mutation,completed,1788427525336119,178842683956183202,,,,1788427525333905,1788427525333905,1788427525336119,,,http_data_plane,,,,,2214
server,peer_replication_get_delta,completed,1788427525476821,178842683956183202,178842683849154803,9,,1788427525476750,1788427525476754,1788427525476821,,,"delta_len=36,sent_us=1788427525395233",,,,,67
server,client_mutation,completed,1788427525836028,178842683956183202,,,,1788427525833931,1788427525833931,1788427525836028,,,http_data_plane,,,,,2097
server,peer_replication_pull_request,sent,1788427525933815,178842683956183202,,,,,,,,,connected_peers=16,,,,,
server,peer_replication_merge_delta,completed,1788427526012596,178842683956183202,,9,,1788427526006564,1788427526012554,1788427526012596,,,"delta_len=51,sent_us=1788427526000415",,,,,42
server,peer_replication_get_delta,completed,1788427526322953,178842683956183202,178842683956181201,9,,1788427526322874,1788427526322880,1788427526322953,,,"delta_len=74,sent_us=1788427526281801",,,,,73
server,client_mutation,completed,1788427526336427,178842683956183202,,,,1788427526334146,1788427526334146,1788427526336427,,,http_data_plane,,,,,2281
server,client_mutation,completed,1788427526836048,178842683956183202,,,,1788427526833931,1788427526833931,1788427526836048,,,http_data_plane,,,,,2117
server,peer_replication_pull_request,sent,1788427526933930,178842683956183202,,,,,,,,,connected_peers=16,,,,,
server,peer_replication_merge_delta,completed,1788427527006193,178842683956183202,,9,,1788427526997580,1788427527006133,1788427527006193,,,"delta_len=91,sent_us=1788427526993169",,,,,60
server,client_mutation,completed,1788427527337528,178842683956183202,,,,1788427527334402,1788427527334402,1788427527337528,,,http_data_plane,,,,,3126
server,peer_replication_get_delta,completed,1788427527512895,178842683956183202,178842683956182202,9,,1788427527512805,1788427527512811,1788427527512895,,,"delta_len=64,sent_us=1788427527467653",,,,,84
server,peer_replication_get_delta,completed,1788427527732564,178842683956183202,178842684114091201,9,,1788427527732485,1788427527732490,1788427527732564,,,"delta_len=69,sent_us=1788427527660908",,,,,74
server,client_mutation,completed,1788427527836501,178842683956183202,,,,1788427527834113,1788427527834113,1788427527836501,,,http_data_plane,,,,,2388
server,peer_replication_pull_request,sent,1788427527934032,178842683956183202,,,,,,,,,connected_peers=16,,,,,
server,peer_replication_merge_delta,completed,1788427527940989,178842683956183202,,9,,1788427527935727,1788427527940969,1788427527940989,,,"delta_len=16,sent_us=1788427527935071",,,,,20
server,client_mutation,completed,1788427528336189,178842683956183202,,,,1788427528333909,1788427528333909,1788427528336189,,,http_data_plane,,,,,2280
server,peer_replication_get_delta,completed,1788427528512972,178842683956183202,178842683956182202,9,,1788427528512902,1788427528512907,1788427528512972,,,"delta_len=11,sent_us=1788427528467038",,,,,65
server,membership_directory_read,completed,1788427528598324,178842683956183202,,,,,1788427528554375,1788427528598324,,,poll:63 descriptors,,,,,43949
server,client_mutation,completed,1788427528836210,178842683956183202,,,,1788427528833930,1788427528833931,1788427528836210,,,http_data_plane,,,,,2279
server,peer_replication_pull_request,sent,1788427528934253,178842683956183202,,,,,,,,,connected_peers=16,,,,,
server,peer_replication_merge_delta,completed,1788427528940073,178842683956183202,,9,,1788427528935871,1788427528940057,1788427528940073,,,"delta_len=20,sent_us=1788427528935214",,,,,16
server,client_mutation,completed,1788427529336085,178842683956183202,,,,1788427529333952,1788427529333952,1788427529336085,,,http_data_plane,,,,,2133
server,peer_replication_get_delta,completed,1788427529732917,178842683956183202,178842684114091201,9,,1788427529732732,1788427529732740,1788427529732917,,,"delta_len=19,sent_us=1788427529661249",,,,,177
server,client_mutation,completed,1788427529836005,178842683956183202,,,,1788427529833893,1788427529833893,1788427529836005,,,http_data_plane,,,,,2112
server,peer_replication_pull_request,sent,1788427529934687,178842683956183202,,,,,,,,,connected_peers=16,,,,,
server,peer_replication_merge_delta,completed,1788427529944284,178842683956183202,,9,,1788427529935788,1788427529944210,1788427529944284,,,"delta_len=96,sent_us=1788427529935200",,,,,74
server,client_mutation,completed,1788427530336079,178842683956183202,,,,1788427530333932,1788427530333932,1788427530336079,,,http_data_plane,,,,,2147
server,client_mutation,completed,1788427530836038,178842683956183202,,,,1788427530833850,1788427530833850,1788427530836038,,,http_data_plane,,,,,2188
server,peer_replication_pull_request,sent,1788427530933939,178842683956183202,,,,,,,,,connected_peers=16,,,,,
server,peer_replication_merge_delta,completed,1788427530998724,178842683956183202,,9,,1788427530994822,1788427530998636,1788427530998724,,,"delta_len=12,sent_us=1788427530964430",,,,,88
server,client_mutation,completed,1788427531336630,178842683956183202,,,,1788427531334197,1788427531334197,1788427531336630,,,http_data_plane,,,,,2433
server,client_mutation,completed,1788427531836306,178842683956183202,,,,1788427531833980,1788427531833980,1788427531836306,,,http_data_plane,,,,,2326
server,peer_replication_pull_request,sent,1788427531934031,178842683956183202,,,,,,,,,connected_peers=16,,,,,
server,peer_replication_merge_delta,completed,1788427531989546,178842683956183202,,9,,1788427531983462,1788427531989488,1788427531989546,,,"delta_len=64,sent_us=1788427531982855",,,,,58
server,client_mutation,completed,1788427532336121,178842683956183202,,,,1788427532333940,1788427532333940,1788427532336121,,,http_data_plane,,,,,2181
server,client_mutation,completed,1788427532835975,178842683956183202,,,,1788427532833853,1788427532833854,1788427532835975,,,http_data_plane,,,,,2121
server,peer_replication_pull_request,sent,1788427532934645,178842683956183202,,,,,,,,,connected_peers=16,,,,,
server,peer_replication_merge_delta,completed,1788427533062247,178842683956183202,,9,,1788427533058006,1788427533062222,1788427533062247,,,"delta_len=30,sent_us=1788427533017896",,,,,25
server,client_mutation,completed,1788427533336782,178842683956183202,,,,1788427533334033,1788427533334033,1788427533336782,,,http_data_plane,,,,,2749
server,peer_replication_get_delta,completed,1788427533427216,178842683956183202,178842684114090201,9,,1788427533427142,1788427533427147,1788427533427216,,,"delta_len=59,sent_us=1788427533347732",,,,,69
server,membership_directory_read,completed,1788427533601021,178842683956183202,,,,,1788427533554823,1788427533601021,,,poll:63 descriptors,,,,,46198
server,client_mutation,completed,1788427533836281,178842683956183202,,,,1788427533834010,1788427533834010,1788427533836281,,,http_data_plane,,,,,2271
server,peer_replication_pull_request,sent,1788427533934085,178842683956183202,,,,,,,,,connected_peers=16,,,,,
server,peer_replication_merge_delta,completed,1788427534021661,178842683956183202,,9,,1788427534015706,1788427534021617,1788427534021661,,,"delta_len=61,sent_us=1788427534005384",,,,,44
server,client_mutation,completed,1788427534335954,178842683956183202,,,,1788427534333951,1788427534333951,1788427534335954,,,http_data_plane,,,,,2003
server,peer_replication_get_delta,completed,1788427534590655,178842683956183202,178842684426432102,9,,1788427534590577,1788427534590582,1788427534590655,,,"delta_len=51,sent_us=1788427534529312",,,,,73
server,peer_replication_get_delta,completed,1788427534691577,178842683956183202,178842684114091201,9,,1788427534691509,1788427534691516,1788427534691577,,,"delta_len=2,sent_us=1788427534661246",,,,,61
server,client_mutation,completed,1788427534836316,178842683956183202,,,,1788427534834048,1788427534834048,1788427534836316,,,http_data_plane,,,,,2268
server,peer_replication_pull_request,sent,1788427534934220,178842683956183202,,,,,,,,,connected_peers=16,,,,,
server,peer_replication_merge_delta,completed,1788427535022013,178842683956183202,,9,,1788427535015749,1788427535021987,1788427535022013,,,"delta_len=32,sent_us=1788427535005153",,,,,26
server,client_mutation,completed,1788427535336168,178842683956183202,,,,1788427535333977,1788427535333977,1788427535336168,,,http_data_plane,,,,,2191
server,client_mutation,completed,1788427535837817,178842683956183202,,,,1788427535834186,1788427535834186,1788427535837817,,,http_data_plane,,,,,3631
server,peer_replication_pull_request,sent,1788427535934677,178842683956183202,,,,,,,,,connected_peers=16,,,,,
server,peer_replication_merge_delta,completed,1788427536010982,178842683956183202,,9,,1788427536005557,1788427536010871,1788427536010982,,,"delta_len=50,sent_us=1788427535993134",,,,,111
server,client_mutation,completed,1788427536335988,178842683956183202,,,,1788427536333876,1788427536333876,1788427536335988,,,http_data_plane,,,,,2112
server,client_mutation,completed,1788427536836218,178842683956183202,,,,1788427536834092,1788427536834092,1788427536836218,,,http_data_plane,,,,,2126
server,peer_replication_pull_request,sent,1788427536934064,178842683956183202,,,,,,,,,connected_peers=16,,,,,
server,peer_replication_merge_delta,completed,1788427537038514,178842683956183202,,9,,1788427537029212,1788427537038472,1788427537038514,,,"delta_len=61,sent_us=1788427537016007",,,,,42
server,client_mutation,completed,1788427537337410,178842683956183202,,,,1788427537334647,1788427537334647,1788427537337410,,,http_data_plane,,,,,2763
server,client_mutation,completed,1788427537836390,178842683956183202,,,,1788427537834130,1788427537834130,1788427537836390,,,http_data_plane,,,,,2260
server,peer_replication_pull_request,sent,1788427537934360,178842683956183202,,,,,,,,,connected_peers=16,,,,,
server,peer_replication_merge_delta,completed,1788427538012047,178842683956183202,,9,,1788427538006639,1788427538012016,1788427538012047,,,"delta_len=41,sent_us=1788427538000392",,,,,31
server,client_mutation,completed,1788427538336293,178842683956183202,,,,1788427538333940,1788427538333940,1788427538336293,,,http_data_plane,,,,,2353
server,membership_directory_read,completed,1788427538597450,178842683956183202,,,,,1788427538554200,1788427538597450,,,poll:63 descriptors,,,,,43250
server,peer_replication_get_delta,completed,1788427538732619,178842683956183202,178842684114091201,9,,1788427538732541,1788427538732547,1788427538732619,,,"delta_len=58,sent_us=1788427538661149",,,,,72
server,client_mutation,completed,1788427538836019,178842683956183202,,,,1788427538833912,1788427538833912,1788427538836019,,,http_data_plane,,,,,2107
server,peer_replication_pull_request,sent,1788427538934691,178842683956183202,,,,,,,,,connected_peers=16,,,,,
server,client_mutation,completed,1788427539336272,178842683956183202,,,,1788427539333976,1788427539333976,1788427539336272,,,http_data_plane,,,,,2296
server,peer_replication_get_delta,completed,1788427539590621,178842683956183202,178842684426432102,9,,1788427539590550,1788427539590554,1788427539590621,,,"delta_len=15,sent_us=1788427539529158",,,,,67
server,client_mutation,completed,1788427539836279,178842683956183202,,,,1788427539834016,1788427539834016,1788427539836279,,,http_data_plane,,,,,2263
server,peer_replication_pull_request,sent,1788427539934057,178842683956183202,,,,,,,,,connected_peers=16,,,,,
server,peer_replication_merge_delta,completed,1788427539981139,178842683956183202,,9,,1788427539974047,1788427539981083,1788427539981139,,,"delta_len=86,sent_us=1788427539963729",,,,,56
server,client_mutation,completed,1788427540336075,178842683956183202,,,,1788427540333869,1788427540333869,1788427540336075,,,http_data_plane,,,,,2206
server,client_mutation,completed,1788427540836500,178842683956183202,,,,1788427540834257,1788427540834257,1788427540836500,,,http_data_plane,,,,,2243
server,peer_replication_pull_request,sent,1788427540934408,178842683956183202,,,,,,,,,connected_peers=16,,,,,
server,peer_replication_merge_delta,completed,1788427541013280,178842683956183202,,9,,1788427541005926,1788427541013250,1788427541013280,,,"delta_len=41,sent_us=1788427540993147",,,,,30
server,peer_replication_get_delta,completed,1788427541192619,178842683956183202,178842684114093202,9,,1788427541192525,1788427541192533,1788427541192619,,,"delta_len=110,sent_us=1788427541120509",,,,,86
server,client_mutation,completed,1788427541336881,178842683956183202,,,,1788427541334699,1788427541334700,1788427541336881,,,http_data_plane,,,,,2181
server,peer_replication_get_delta,completed,1788427541433414,178842683956183202,178842683956184202,9,,1788427541433327,1788427541433332,1788427541433414,,,"delta_len=77,sent_us=1788427541386103",,,,,82
server,peer_replication_get_delta,completed,1788427541632489,178842683956183202,178842684114092202,9,,1788427541632321,1788427541632345,1788427541632489,,,"delta_len=47,sent_us=1788427541553077",,,,,144
server,client_mutation,completed,1788427541836411,178842683956183202,,,,1788427541834298,1788427541834298,1788427541836411,,,http_data_plane,,,,,2113
server,peer_replication_pull_request,sent,1788427541934102,178842683956183202,,,,,,,,,connected_peers=16,,,,,
server,peer_replication_merge_delta,completed,1788427542020395,178842683956183202,,9,,1788427542015361,1788427542020355,1788427542020395,,,"delta_len=36,sent_us=1788427542005137",,,,,40
server,client_mutation,completed,1788427542336141,178842683956183202,,,,1788427542333959,1788427542333959,1788427542336141,,,http_data_plane,,,,,2182
server,peer_replication_get_delta,completed,1788427542704096,178842683956183202,178842684286996602,9,,1788427542704015,1788427542704020,1788427542704096,,,"delta_len=32,sent_us=1788427542639890",,,,,76
server,client_mutation,completed,1788427542836001,178842683956183202,,,,1788427542833834,1788427542833834,1788427542836001,,,http_data_plane,,,,,2167
server,peer_replication_pull_request,sent,1788427542934712,178842683956183202,,,,,,,,,connected_peers=16,,,,,
server,peer_replication_merge_delta,completed,1788427542939984,178842683956183202,,9,,1788427542935873,1788427542939964,1788427542939984,,,"delta_len=21,sent_us=1788427542935432",,,,,20
server,client_mutation,completed,1788427543336980,178842683956183202,,,,1788427543334543,1788427543334543,1788427543336980,,,http_data_plane,,,,,2437
server,membership_directory_read,completed,1788427543595126,178842683956183202,,,,,1788427543553967,1788427543595126,,,poll:63 descriptors,,,,,41159
server,client_mutation,completed,1788427543836919,178842683956183202,,,,1788427543834603,1788427543834603,1788427543836919,,,http_data_plane,,,,,2316
server,peer_replication_pull_request,sent,1788427543934586,178842683956183202,,,,,,,,,connected_peers=16,,,,,
server,peer_replication_merge_delta,completed,1788427544021401,178842683956183202,,9,,1788427544015299,1788427544021367,1788427544021401,,,"delta_len=51,sent_us=1788427544005057",,,,,34
server,client_mutation,completed,1788427544336126,178842683956183202,,,,1788427544333897,1788427544333897,1788427544336126,,,http_data_plane,,,,,2229
server,peer_replication_get_delta,completed,1788427544467784,178842683956183202,178842683956182202,9,,1788427544467710,1788427544467715,1788427544467784,,,"delta_len=35,sent_us=1788427544467127",,,,,69
server,client_mutation,completed,1788427544836022,178842683956183202,,,,1788427544833842,1788427544833842,1788427544836022,,,http_data_plane,,,,,2180
server,peer_replication_pull_request,sent,1788427544933824,178842683956183202,,,,,,,,,connected_peers=16,,,,,
server,client_mutation,completed,1788427545336045,178842683956183202,,,,1788427545333955,1788427545333955,1788427545336045,,,http_data_plane,,,,,2090
server,peer_replication_get_delta,completed,1788427545732610,178842683956183202,178842684114091201,9,,1788427545732541,1788427545732546,1788427545732610,,,"delta_len=24,sent_us=1788427545661385",,,,,64
server,client_mutation,completed,1788427545836389,178842683956183202,,,,1788427545833985,1788427545833985,1788427545836389,,,http_data_plane,,,,,2404
server,peer_replication_pull_request,sent,1788427545934364,178842683956183202,,,,,,,,,connected_peers=16,,,,,
server,peer_replication_merge_delta,completed,1788427545968966,178842683956183202,,9,,1788427545959031,1788427545968893,1788427545968966,,,"delta_len=119,sent_us=1788427545946523",,,,,73
server,client_mutation,completed,1788427546336054,178842683956183202,,,,1788427546333899,1788427546333899,1788427546336054,,,http_data_plane,,,,,2155
server,client_mutation,completed,1788427546836417,178842683956183202,,,,1788427546833978,1788427546833978,1788427546836417,,,http_data_plane,,,,,2439
server,peer_replication_pull_request,sent,1788427546934119,178842683956183202,,,,,,,,,connected_peers=16,,,,,
server,peer_replication_merge_delta,completed,1788427547004568,178842683956183202,,9,,1788427546997695,1788427547004526,1788427547004568,,,"delta_len=69,sent_us=1788427546993293",,,,,42
server,client_mutation,completed,1788427547336155,178842683956183202,,,,1788427547334003,1788427547334003,1788427547336155,,,http_data_plane,,,,,2152
server,peer_replication_get_delta,completed,1788427547662271,178842683956183202,178842684114094202,9,,1788427547662191,1788427547662199,1788427547662271,,,"delta_len=33,sent_us=1788427547586413",,,,,72
server,client_mutation,completed,1788427547836088,178842683956183202,,,,1788427547833909,1788427547833909,1788427547836088,,,http_data_plane,,,,,2179
server,peer_replication_pull_request,sent,1788427547933907,178842683956183202,,,,,,,,,connected_peers=16,,,,,
server,peer_replication_merge_delta,completed,1788427547999272,178842683956183202,,9,,1788427547994602,1788427547999252,1788427547999272,,,"delta_len=27,sent_us=1788427547964194",,,,,20
server,peer_replication_get_delta,completed,1788427548282870,178842683956183202,178842683956181201,9,,1788427548282795,1788427548282800,1788427548282870,,,"delta_len=66,sent_us=1788427548282248",,,,,70
server,client_mutation,completed,1788427548336144,178842683956183202,,,,1788427548333929,1788427548333929,1788427548336144,,,http_data_plane,,,,,2215
server,membership_directory_read,completed,1788427548601095,178842683956183202,,,,,1788427548554107,1788427548601095,,,poll:63 descriptors,,,,,46988
server,client_mutation,completed,1788427548836766,178842683956183202,,,,1788427548834574,1788427548834575,1788427548836766,,,http_data_plane,,,,,2191
server,peer_replication_pull_request,sent,1788427548934325,178842683956183202,,,,,,,,,connected_peers=16,,,,,
server,peer_replication_merge_delta,completed,1788427548944316,178842683956183202,,9,,1788427548935647,1788427548944262,1788427548944316,,,"delta_len=93,sent_us=1788427548935043",,,,,54
server,peer_replication_get_delta,completed,1788427549192524,178842683956183202,178842684114093202,9,,1788427549192442,1788427549192447,1788427549192524,,,"delta_len=103,sent_us=1788427549120663",,,,,77
server,client_mutation,completed,1788427549336046,178842683956183202,,,,1788427549333897,1788427549333897,1788427549336046,,,http_data_plane,,,,,2149
server,peer_replication_get_delta,completed,1788427549678731,178842683956183202,178842683956185201,9,,1788427549678640,1788427549678643,1788427549678731,,,"delta_len=113,sent_us=1788427549678133",,,,,88
server,client_mutation,completed,1788427549836151,178842683956183202,,,,1788427549833893,1788427549833893,1788427549836151,,,http_data_plane,,,,,2258
server,peer_replication_pull_request,sent,1788427549933955,178842683956183202,,,,,,,,,connected_peers=16,,,,,
server,peer_replication_merge_delta,completed,1788427550002833,178842683956183202,,9,,1788427549997509,1788427550002801,1788427550002833,,,"delta_len=43,sent_us=1788427549993146",,,,,32
server,client_mutation,completed,1788427550336160,178842683956183202,,,,1788427550333951,1788427550333951,1788427550336160,,,http_data_plane,,,,,2209
server,client_mutation,completed,1788427550836251,178842683956183202,,,,1788427550834061,1788427550834061,1788427550836251,,,http_data_plane,,,,,2190
server,peer_replication_pull_request,sent,1788427550934179,178842683956183202,,,,,,,,,connected_peers=16,,,,,
server,peer_replication_merge_delta,completed,1788427550942172,178842683956183202,,9,,1788427550935717,1788427550942126,1788427550942172,,,"delta_len=65,sent_us=1788427550934919",,,,,46
server,client_mutation,completed,1788427551336755,178842683956183202,,,,1788427551334041,1788427551334041,1788427551336755,,,http_data_plane,,,,,2714
server,peer_replication_get_delta,completed,1788427551662500,178842683956183202,178842684114094202,9,,1788427551662425,1788427551662429,1788427551662500,,,"delta_len=53,sent_us=1788427551586686",,,,,71
server,client_mutation,completed,1788427551836387,178842683956183202,,,,1788427551834046,1788427551834046,1788427551836387,,,http_data_plane,,,,,2341
server,peer_replication_pull_request,sent,1788427551934206,178842683956183202,,,,,,,,,connected_peers=16,,,,,
server,peer_replication_merge_delta,completed,1788427551987983,178842683956183202,,9,,1788427551983519,1788427551987961,1788427551987983,,,"delta_len=27,sent_us=1788427551982889",,,,,22
server,client_mutation,completed,1788427552336194,178842683956183202,,,,1788427552333890,1788427552333890,1788427552336194,,,http_data_plane,,,,,2304
server,peer_replication_get_delta,completed,1788427552386905,178842683956183202,178842683956184202,9,,1788427552386831,1788427552386836,1788427552386905,,,"delta_len=72,sent_us=1788427552385542",,,,,69
server,client_mutation,completed,1788427552836187,178842683956183202,,,,1788427552833966,1788427552833966,1788427552836187,,,http_data_plane,,,,,2221
server,peer_replication_pull_request,sent,1788427552933953,178842683956183202,,,,,,,,,connected_peers=16,,,,,
server,peer_replication_merge_delta,completed,1788427552964256,178842683956183202,,9,,1788427552957992,1788427552964111,1788427552964256,,,"delta_len=60,sent_us=1788427552951700",,,,,145
server,peer_replication_get_delta,completed,1788427553192551,178842683956183202,178842684114093202,9,,1788427553192470,1788427553192475,1788427553192551,,,"delta_len=71,sent_us=1788427553120908",,,,,76
server,client_mutation,completed,1788427553336274,178842683956183202,,,,1788427553333960,1788427553333960,1788427553336274,,,http_data_plane,,,,,2314
server,membership_directory_read,completed,1788427553598688,178842683956183202,,,,,1788427553554300,1788427553598688,,,poll:64 descriptors,,,,,44388
server,peer_replication_get_delta,completed,1788427553703772,178842683956183202,178842684286996602,9,,1788427553703688,1788427553703694,1788427553703772,,,"delta_len=22,sent_us=1788427553639527",,,,,78
server,client_mutation,completed,1788427553836033,178842683956183202,,,,1788427553833971,1788427553833971,1788427553836033,,,http_data_plane,,,,,2062
server,peer_replication_pull_request,sent,1788427553934140,178842683956183202,,,,,,,,,connected_peers=16,,,,,
server,peer_replication_merge_delta,completed,1788427553971089,178842683956183202,,9,,1788427553968327,1788427553971082,1788427553971089,,,"delta_len=2,sent_us=1788427553951075",,,,,7
server,client_mutation,completed,1788427554336068,178842683956183202,,,,1788427554333880,1788427554333880,1788427554336068,,,http_data_plane,,,,,2188
server,peer_replication_get_delta,completed,1788427554632586,178842683956183202,178842684114092202,9,,1788427554632520,1788427554632525,1788427554632586,,,"delta_len=14,sent_us=1788427554553573",,,,,61
server,client_mutation,completed,1788427554836231,178842683956183202,,,,1788427554833900,1788427554833900,1788427554836231,,,http_data_plane,,,,,2331
server,peer_replication_pull_request,sent,1788427554933958,178842683956183202,,,,,,,,,connected_peers=16,,,,,
server,peer_replication_merge_delta,completed,1788427554981065,178842683956183202,,9,,1788427554974298,1788427554981015,1788427554981065,,,"delta_len=72,sent_us=1788427554964016",,,,,50
server,client_mutation,completed,1788427555336051,178842683956183202,,,,1788427555333881,1788427555333881,1788427555336051,,,http_data_plane,,,,,2170
server,peer_replication_get_delta,completed,1788427555422313,178842683956183202,178842684114090201,9,,1788427555422237,1788427555422242,1788427555422313,,,"delta_len=47,sent_us=1788427555348584",,,,,71
server,peer_replication_get_delta,completed,1788427555691887,178842683956183202,178842684114091201,9,,1788427555691810,1788427555691816,1788427555691887,,,"delta_len=44,sent_us=1788427555661495",,,,,71
server,client_mutation,completed,1788427555836576,178842683956183202,,,,1788427555834119,1788427555834119,1788427555836576,,,http_data_plane,,,,,2457
server,peer_replication_pull_request,sent,1788427555934304,178842683956183202,,,,,,,,,connected_peers=16,,,,,
server,peer_replication_merge_delta,completed,1788427555940683,178842683956183202,,9,,1788427555935803,1788427555940654,1788427555940683,,,"delta_len=39,sent_us=1788427555935086",,,,,29
server,peer_replication_get_delta,completed,1788427556282788,178842683956183202,178842683956181201,9,,1788427556282717,1788427556282722,1788427556282788,,,"delta_len=31,sent_us=1788427556282002",,,,,66
server,client_mutation,completed,1788427556336301,178842683956183202,,,,1788427556333912,1788427556333912,1788427556336301,,,http_data_plane,,,,,2389
server,client_mutation,completed,1788427556835989,178842683956183202,,,,1788427556833895,1788427556833895,1788427556835989,,,http_data_plane,,,,,2094
server,peer_replication_pull_request,sent,1788427556934698,178842683956183202,,,,,,,,,connected_peers=16,,,,,
server,peer_replication_merge_delta,completed,1788427556979270,178842683956183202,,9,,1788427556974539,1788427556979237,1788427556979270,,,"delta_len=35,sent_us=1788427556964472",,,,,33
server,client_mutation,completed,1788427557336465,178842683956183202,,,,1788427557334012,1788427557334012,1788427557336465,,,http_data_plane,,,,,2453
server,peer_replication_get_delta,completed,1788427557732741,178842683956183202,178842684114091201,9,,1788427557732666,1788427557732671,1788427557732741,,,"delta_len=37,sent_us=1788427557661277",,,,,70
server,client_mutation,completed,1788427557836166,178842683956183202,,,,1788427557833978,1788427557833978,1788427557836166,,,http_data_plane,,,,,2188
server,peer_replication_pull_request,sent,1788427557933902,178842683956183202,,,,,,,,,connected_peers=16,,,,,
server,peer_replication_merge_delta,completed,1788427558024130,178842683956183202,,9,,1788427558020418,1788427558024114,1788427558024130,,,"delta_len=16,sent_us=1788427558001958",,,,,16
server,client_mutation,completed,1788427558336120,178842683956183202,,,,1788427558333878,1788427558333878,1788427558336120,,,http_data_plane,,,,,2242
server,client_mutation,completed,1788427558436053,178842683956183202,,,,1788427558433912,1788427558433912,1788427558436053,,,http_data_plane,,,,,2141
server,membership_directory_read,completed,1788427558599590,178842683956183202,,,,,1788427558553967,1788427558599590,,,poll:65 descriptors,,,,,45623
